trucks_count 1
drones_count 1
customers 10
depot 0 0
Coordinate X         Coordinate Y         Dronable Demand
1871.5035723189776   -2504.637761231389   1        0.05                
3490.2887746805723   -2244.705422996528   1        0.05                
1246.9116530583212   -3892.5439379991512  1        0.05                
-61.116415729928725  -1409.6268698995254  1        0.05                
-3160.307206532341   -3570.022024814912   1        0.05                
-1491.3015372423304  2118.8893380687146   1        0.05                
-2921.5644335224024  -945.4234122938669   1        0.05                
-2759.5970482259645  3136.1339210931264   1        0.05                
-858.8253734509838   2594.3172697527743   1        0.05                
2651.031419980486    -2395.4532367129823  1        0.05                
