trucks_count 1
drones_count 1
customers 10
depot 0 0
Coordinate X         Coordinate Y         Dronable Demand
1867.1784265353929   -2365.7003022228946  1        0.05                
-2775.9682479609796  -1943.8173703713169  1        0.05                
-3516.1362024712325  3952.9706321801414   1        0.05                
-988.6410909585395   -2218.537846535979   1        0.05                
-485.4863627012712   -2044.342975545561   1        0.05                
322.03190850537936   1378.3483688099006   1        0.05                
1585.588452519811    -2403.532654923189   1        0.05                
2542.876579567929    972.4319340574427    1        0.05                
-2678.020229250452   3454.812044603011    1        0.05                
-2064.2205165966025  678.6920766410334    1        0.05                
