trucks_count 1
drones_count 1
customers 10
depot 0 0
Coordinate X         Coordinate Y         Dronable Demand
1870.7826147674018   -1140.364751475662   1        0.05                
-1577.4373358070995  3169.9093323777893   1        0.05                
1794.187150359432    -3926.074783016683   1        0.05                
1125.4127451127158   2478.904614010203    1        0.05                
1308.8463673604815   707.6078167299792    1        0.05                
-3871.3126695861033  -3369.0007835060296  1        0.05                
-3511.4890524363445  1493.7916939503837   1        0.05                
806.3819097238804    -3930.0663301427044  1        0.05                
1520.2086973439305   2737.732985624364    1        0.05                
1865.156057249247    -3224.212451074958   1        0.05                
