trucks_count 1
drones_count 1
customers 10
depot 0 0
Coordinate X         Coordinate Y         Dronable Demand
3738.682118759545    3176.3620564508888   1        0.05                
-7332.379353375232   -4188.522793367846   1        0.05                
5777.475570492262    -7986.273425724185   1        0.05                
6996.942373406358    4418.535163659321    1        0.05                
4400.906550671561    2432.3349996395264   1        0.05                
-1169.2698685472992  3497.237946688962    1        0.05                
6710.724138902582    -3348.9561871222304  1        0.05                
-216.72058856320808  -3938.133905039083   1        0.05                
-3536.845602701436   6049.129314355786    1        0.05                
586.8106635735363    6329.938959833223    1        0.05                
