trucks_count 1
drones_count 1
customers 10
depot 0 0
Coordinate X         Coordinate Y         Dronable Demand
7465.830835176659    -4005.7096494893653  1        0.05                
812.0220865846995    13883.189060391305   1        0.05                
-11875.443300301182  15677.759148650446   1        0.05                
791.5522795364202    6679.974549494998    1        0.05                
15934.66836514551    8933.147463997324    1        0.05                
-8231.91689535358    15748.632988940628   1        0.05                
3982.655814044169    142.73028490494244   1        0.05                
-7751.378329549595   7811.726731286444    1        0.05                
-1195.9446338221508  14392.9115215191     1        0.05                
-11400.383517311371  -600.2675916423768   1        0.05                
