trucks_count 1
drones_count 1
customers 10
depot 0 0
Coordinate X         Coordinate Y         Dronable Demand
3728.5903917099195   6182.782514358639    1        0.05                
2186.4541405559717   7242.482343010517    1        0.05                
-2654.069385774971   7637.694024599342    1        0.05                
7514.951344634425    -5515.623821794129   1        0.05                
2595.4551463089974   -2054.4469789216396  1        0.05                
-2302.624762118732   7133.7755252115      1        0.05                
-1548.2190870305283  -1386.7442200820244  1        0.05                
1426.7843431139222   -6304.538381582114   1        0.05                
-2417.1671727105413  -8036.449704200559   1        0.05                
5677.956064956877    -5272.6883625619985  1        0.05                
