trucks_count 1
drones_count 1
customers 10
depot 0 0
Coordinate X         Coordinate Y         Dronable Demand
3737.2402036563935   5904.907836151998    1        0.05                
-1374.4318141609258  6640.706717380791    1        0.05                
6872.026325284135    8040.064884240754    1        0.05                
-6723.399304908353   -3897.801628710873   1        0.05                
-2754.1865413531414  -5105.805317270689   1        0.05                
-5929.292133234844   -7478.542536270872   1        0.05                
5530.874901074696    1529.4740253662703   1        0.05                
6915.237327336482    -1977.1346473210933  1        0.05                
1221.2225388883928   6335.960985909315    1        0.05                
-984.9398220785964   4672.420531109274    1        0.05                
