trucks_count 1
drones_count 1
customers 10
depot 0 0
Coordinate X         Coordinate Y         Dronable Demand
3735.79852836359     -7459.946384146897   1        0.05                
4583.515964863731    1376.5359883190777   1        0.05                
7966.576840265661    7973.002954395346    1        0.05                
-4350.340743412716   3879.2613391085843   1        0.05                
6184.120606432504    3449.4543658190933   1        0.05                
5404.086081698305    -2360.923019230709   1        0.05                
4351.02590305716     6407.90447766512     1        0.05                
-2046.204756763828   -16.135389603103565  1        0.05                
5979.290920288572    6622.792417652496    1        0.05                
-2556.690307730727   3014.9025820060174   1        0.05                
