trucks_count 1
drones_count 1
customers 10
depot 0 0
Coordinate X         Coordinate Y         Dronable Demand
925.6600591098643    1754.1016971972267   1        0.05                
-806.0721187285081   -1761.3974552147276  1        0.05                
238.61075035675222   1607.6454213713637   1        0.05                
487.4508832682766    1431.0776995019614   1        0.05                
637.7448724660929    1774.9068891262045   1        0.05                
-1879.0059020029455  672.6324274146561    1        0.05                
-1673.0253227891385  1489.5002009406855   1        0.05                
263.70646751673615   -798.3375159964675   1        0.05                
690.2659830757497    -718.3702637747842   1        0.05                
-1630.038948579002   -730.3039407517151   1        0.05                
