trucks_count 1
drones_count 1
customers 10
depot 0 0
Coordinate X         Coordinate Y         Dronable Demand
925.2996402866634    -1587.1118578774967  1        0.05                
683.414826027656     945.9098625198442    1        0.05                
512.2484390547207    1590.8799988625979   1        0.05                
1080.715463689599    -648.0065585431742   1        0.05                
-1151.0283405874952  -109.62819010134965  1        0.05                
954.3385318251674    1952.0373666272842   1        0.05                
-1967.9875722935233  -1314.2421859846017  1        0.05                
-1976.6540535083416  -308.0876416143833   1        0.05                
1879.7831383783803   -646.662345886402    1        0.05                
2000.3734300079655   -1144.6835479327026  1        0.05                
