trucks_count 1
drones_count 1
customers 10
depot 0 0
Coordinate X         Coordinate Y         Dronable Demand
935.0308885605       111.95406918744598   1        0.05                
700.7682768526146    268.9119839234668    1        0.05                
1170.731203925097    -1979.802873969694   1        0.05                
1155.97095297768     -839.631951040034    1        0.05                
-1134.3500893259345  -1530.731170862564   1        0.05                
897.6880990350618    -405.0954525403873   1        0.05                
1972.6432842300296   1966.5034000973171   1        0.05                
-1837.1696261157244  -1474.783350641855   1        0.05                
1949.6214440220092   1440.5744107005646   1        0.05                
539.6404072115906    1996.8642871867069   1        0.05                
