trucks_count 1
drones_count 1
customers 10
depot 0 0
Coordinate X         Coordinate Y         Dronable Demand
924.5788026402614    -222.83902797953021  1        0.05                
-360.9613444126024   -1686.1753821058378  1        0.05                
1059.5237564980705   1557.3490339398934   1        0.05                
-1756.105315515169   -782.8250746334453   1        0.05                
-705.224886599846    144.65165144354205   1        0.05                
-1425.6725405660186  487.4971850999533    1        0.05                
1465.437868745121    1124.9729202596488   1        0.05                
1589.3249044415036   672.4120471971984    1        0.05                
235.46726912588267   -503.24663001481144  1        0.05                
1214.4980672767254   -1973.4425824369175  1        0.05                
