trucks_count 15
drones_count 15
customers 1000
depot 0 0
Coordinate X         Coordinate Y         Dronable Demand
4.070877             5.300075             1        2.072448            
-8.283159            0.150072             1        22.849875           
4.47799              0.512748             1        1.941439            
-3.201003            -1.693732            1        49.506048           
9.342366             -5.15897             1        1.712698            
1.07354              9.735193             1        0.922838            
0.530428             8.321091             1        43.736047           
0.227165             -2.033678            1        2.204061            
4.2964               -1.931219            1        43.420727           
0.467064             4.670755             1        1.967954            
1.711336             -6.921226            1        1.349498            
-1.031657            -2.207715            1        2.227227            
-0.268154            9.316632             1        1.919818            
0.457578             3.512409             1        0.69945             
5.439528             -2.177657            1        2.04217             
6.578165             -0.637485            1        33.840641           
-7.870546            -5.803856            1        1.799035            
8.387951             3.934907             1        0.875162            
-9.02833             3.230351             1        0.697893            
-9.481015            -6.256173            1        2.267399            
5.58437              -3.518233            1        1.313865            
-0.611681            -4.042445            1        20.190515           
-6.7837              -7.168463            1        0.625831            
3.877235             9.390677             1        1.99536             
-4.608332            3.110351             1        56.011044           
2.042029             9.406162             1        0.826014            
2.668973             8.672661             1        2.149407            
3.403177             -6.548033            1        1.778933            
4.671736             9.394961             1        0.382597            
-3.531151            0.977056             1        0.614387            
-1.623242            3.434915             1        2.256447            
-2.687017            -9.512747            1        5.592922            
6.407322             4.235771             1        0.30916             
-4.460883            -9.277139            1        0.55311             
8.999131             -8.087142            1        1.369369            
-5.595471            -0.557211            1        1.285493            
7.479411             -8.602391            1        0.258228            
-3.006648            -2.449894            1        0.799531            
9.76889              2.158644             1        0.558235            
-6.75778             6.499822             1        1.130545            
5.792924             4.949682             1        2.12275             
3.811383             -5.164262            1        2.209401            
7.349833             5.114707             1        0.312944            
-1.297456            -7.641535            1        0.353724            
4.50113              -3.739513            1        2.05875             
-5.034674            -3.037765            1        1.965317            
9.648484             9.52962              1        1.455468            
1.395162             -7.956214            1        1.494239            
-3.309531            7.740734             1        2.209173            
0.602616             -0.3289              1        32.061404           
9.884523             -5.700557            1        2.255583            
-7.423809            -6.815157            1        0.414312            
-1.43951             7.599791             1        1.944702            
6.005978             -9.619325            1        1.456008            
3.895228             0.62359              1        1.249353            
8.681733             2.665073             1        1.217387            
-9.433726            -0.776664            1        2.053413            
-1.891706            6.226594             1        0.204527            
-4.276694            -5.433557            1        1.959528            
7.38773              -6.814044            1        23.937498           
4.295422             -7.075902            1        1.839904            
9.418943             7.610934             1        50.216295           
1.739394             -1.07602             1        0.349152            
9.61716              -2.371872            1        1.642236            
7.444666             2.102447             1        0.771073            
-8.637854            6.012425             1        20.236649           
-1.449738            6.601852             1        1.590451            
-5.980883            6.997884             1        17.239579           
5.145256             4.992117             1        0.268332            
6.020046             7.775359             1        0.506959            
6.914196             3.610478             1        1.175543            
-5.252909            4.400306             1        0.99594             
0.527486             3.13137              1        49.197836           
1.476652             4.26409              1        0.262354            
-7.784588            -0.92307             1        1.258604            
2.860342             -8.295432            1        1.373882            
-8.991551            -1.736494            1        2.158503            
-5.186102            2.77582              1        29.16638            
-4.415783            3.051154             1        42.439915           
-7.90983             9.853774             1        1.464414            
-4.873103            -9.010967            1        1.200262            
-6.372336            6.536735             1        54.559163           
-4.602503            -1.493034            1        12.940734           
-4.720476            -2.820908            1        0.829398            
-9.633939            -9.027695            1        1.626681            
8.039019             -9.32883             1        1.084885            
4.860631             -5.293102            1        0.668515            
-9.758057            5.771365             1        2.130624            
-7.765627            2.575887             1        46.4164             
1.439416             -1.899786            1        1.251606            
-0.894407            -1.617955            1        1.877308            
-7.371683            -9.140083            1        0.609626            
8.750901             7.817221             1        0.549738            
-4.432512            -6.517042            1        0.740583            
-0.51993             -8.958943            1        0.728001            
-2.797681            -8.359407            1        59.910788           
-1.305625            -3.05213             1        54.500263           
-0.096592            6.212065             1        32.074359           
-9.278515            2.498109             1        1.039445            
4.676193             3.299005             1        1.232403            
-3.65622             6.271008             1        15.146752           
-3.223556            -0.667577            1        2.106187            
-4.60747             9.593553             1        1.806779            
9.147628             -6.253151            1        1.91175             
-1.180891            3.259786             1        0.672315            
4.561332             -9.90043             1        1.807557            
-8.68753             9.583222             1        0.221848            
-9.705734            7.787646             1        0.201205            
-2.425878            -4.765613            1        1.266573            
9.979033             0.707893             1        2.222362            
-3.630736            -6.495854            1        0.818503            
-2.01589             -1.099794            1        0.548797            
9.459198             -0.400866            1        0.992503            
-1.989607            -2.286096            1        1.797077            
-1.909498            -9.889737            1        1.163716            
0.871114             4.990099             1        54.112136           
-9.273484            2.093491             1        2.025394            
-1.405568            -6.484062            1        1.265164            
4.918634             -1.124426            1        0.943111            
2.761114             4.474872             1        3.525255            
6.66706              6.286117             1        0.870603            
-9.629803            -6.030432            1        1.855987            
-1.15079             8.772836             1        0.395229            
-3.323049            -5.040772            1        1.944625            
4.609033             -4.09354             1        52.909333           
-2.480445            -8.226167            1        1.884622            
-9.311674            6.772844             1        1.969943            
3.668805             -9.735976            1        0.32219             
3.081626             -5.398585            1        2.008869            
2.101064             -9.330393            1        1.743903            
8.837142             2.251908             1        1.862278            
9.044679             7.684422             1        53.877657           
7.402873             7.803639             1        53.049586           
-5.365346            -1.85789             1        1.351097            
-2.189713            8.641059             1        0.715712            
-0.517751            -7.359162            1        1.014814            
4.116124             1.463166             1        0.35153             
-9.087247            -3.561392            1        0.821275            
-0.458031            -5.288079            1        1.348167            
-9.409237            8.241837             1        1.608453            
-1.015046            1.548462             1        1.359072            
-0.928874            -2.89087             1        0.337146            
-9.815977            -0.462054            1        0.618816            
1.667798             -7.121129            1        0.699605            
-9.536185            8.70946              1        1.790859            
7.309                3.756215             1        1.665313            
3.447906             4.970655             1        0.475927            
-8.004768            6.511054             1        1.321062            
-9.960659            4.017862             1        24.638447           
-9.790994            -8.791543            1        1.825609            
-1.24292             6.026934             1        24.950073           
-4.81632             -3.274613            1        2.163729            
7.306386             6.834579             1        2.252935            
-4.424247            5.007839             1        1.709192            
-4.02122             6.922365             1        1.916665            
2.828093             3.197109             1        0.790351            
-5.146345            -3.62263             1        1.353558            
3.695763             7.131716             1        1.423145            
-6.732163            1.381945             1        20.413214           
-9.32545             9.364495             1        48.876875           
1.1119               3.505024             1        2.063569            
1.585531             -0.5335              1        0.323649            
1.108829             1.535719             1        0.969886            
3.745797             5.386095             1        0.355429            
1.847908             0.459223             1        2.116575            
-1.405122            -4.407774            1        0.982536            
-1.641584            1.283391             1        0.747992            
8.218708             0.233404             1        1.04703             
8.748476             -4.723186            1        0.693623            
9.059816             -3.686532            1        0.795798            
9.4257               7.767422             1        0.418412            
-9.638549            6.202856             1        1.567089            
-7.725334            7.394297             1        38.160451           
8.193957             1.955154             1        1.173051            
9.923798             7.083754             1        1.438533            
-4.636605            2.300868             1        0.474418            
5.065209             -8.823188            1        1.791554            
8.413774             5.854137             1        1.745674            
-4.594759            9.282999             1        2.268237            
2.754415             -3.59725             1        0.281254            
-3.119618            4.717491             1        1.418109            
3.610865             5.429923             1        2.051755            
8.943947             7.009382             1        50.319525           
4.708326             -3.989196            1        1.951521            
-6.575497            -3.710889            1        1.155394            
5.296725             -6.198426            1        59.593824           
5.398427             5.088044             1        30.231956           
4.106397             -9.967743            1        0.785343            
-3.450484            -7.603689            1        0.964354            
1.587424             -8.152309            1        51.728168           
4.16104              4.994301             1        55.829649           
-0.152754            0.875053             1        1.224803            
-8.832302            0.754012             1        22.80629            
0.41317              -9.561335            1        0.947912            
8.485655             4.956649             1        7.610535            
7.294176             -7.519944            1        0.228912            
-2.647683            -5.614647            1        26.165114           
9.683166             6.463371             1        0.885575            
5.875753             5.1057               1        1.236337            
4.673321             7.971101             1        30.772969           
-8.658533            9.93988              1        0.262817            
3.493493             -7.488879            1        0.77934             
-3.013766            7.896279             1        0.346052            
-8.911893            -5.630877            1        0.647363            
8.471414             7.795314             1        0.657212            
-2.692061            -6.713071            1        1.175436            
2.94758              5.293295             1        0.296996            
-9.251742            4.401957             1        0.314259            
0.245221             -0.311084            1        33.494783           
7.388573             -1.986542            1        1.690112            
4.831573             8.014775             1        2.133885            
-0.142613            4.781872             1        0.859789            
5.720377             -2.595989            1        54.41829            
-4.12213             -8.621562            1        0.241354            
-6.579153            -1.573725            1        0.807466            
3.444909             0.176573             1        0.687753            
-5.216539            3.948398             1        0.861384            
-4.330965            -3.291606            1        2.241919            
2.672623             4.638063             1        0.476987            
6.972243             4.790462             1        2.231003            
-2.738543            9.50469              1        42.611402           
-2.127722            9.304457             1        0.59308             
-2.784829            8.631266             1        1.256345            
-8.707535            -4.634962            1        0.450843            
-3.344123            -8.866611            1        37.245051           
-1.908219            -8.692855            1        0.836669            
3.372444             -9.854648            1        1.712723            
3.156148             -4.53266             1        1.123246            
4.994969             2.088675             1        1.52909             
-9.153124            -0.647372            1        3.363769            
-2.874526            2.120517             1        5.58235             
6.257371             -4.424053            1        2.231717            
5.875971             7.403344             1        1.848851            
8.393655             6.852111             1        0.777382            
0.592084             8.277335             1        1.144137            
-1.449249            -5.42906             1        0.912282            
-6.026282            7.850668             1        0.742429            
9.611174             -4.66016             1        1.128224            
-0.73621             8.074978             1        1.815695            
-9.850367            -3.754672            1        2.257914            
-7.001347            8.729646             1        1.21356             
-2.67176             2.386527             1        1.530313            
2.923098             -7.427624            1        1.874695            
7.856285             9.909507             1        0.626457            
4.172643             1.039518             1        0.631953            
7.985722             7.41416              1        0.523877            
-1.817084            2.325506             1        1.117591            
-8.849902            -0.983306            1        0.361824            
5.119135             -2.191024            1        0.220872            
-1.758102            2.519608             1        2.005569            
0.699323             -5.460396            1        59.678671           
-9.206153            0.27576              1        0.609259            
-8.096334            -8.598398            1        35.921168           
1.463769             8.889975             1        1.842999            
6.159759             4.60252              1        0.952395            
-8.757566            -4.331767            1        12.972628           
-9.878247            2.172928             1        46.396163           
4.324974             6.998315             1        0.537652            
6.6599               4.63137              1        1.962243            
7.763178             8.002885             1        0.707134            
3.882968             1.418498             1        1.654481            
9.471718             1.532517             1        1.355097            
8.553925             -5.192334            1        2.16616             
3.570145             -4.888892            1        36.582288           
3.421132             -0.771973            1        0.702748            
-5.395901            4.671845             1        1.030534            
8.625176             -6.235574            1        0.669989            
3.661171             -3.362167            1        2.026971            
-8.732033            1.963879             1        2.057961            
2.630783             3.651848             1        1.803819            
0.611816             -6.036086            1        50.047737           
-2.493912            0.418578             1        1.72609             
-9.503293            -7.013728            1        1.981622            
-9.181445            -9.845109            1        1.385301            
-6.887705            -4.173579            1        0.72607             
4.7509               -2.414929            1        0.75304             
-9.88425             -9.456512            1        1.935691            
-9.325472            8.209699             1        0.499409            
7.714458             1.424652             1        1.618114            
-7.797492            -5.65683             1        0.744088            
-5.029978            -8.950258            1        0.46313             
4.281911             -9.098035            1        0.896172            
5.193954             0.783815             1        2.120917            
-9.326698            -9.61052             1        1.686345            
1.99933              6.415055             1        1.192172            
-7.357924            5.203429             1        12.848696           
4.003299             9.62207              1        0.670656            
-7.83332             -6.642975            1        0.702491            
7.013342             -1.914397            1        0.974152            
-8.566819            -9.159703            1        0.460289            
-6.125097            1.999671             1        1.551956            
-3.772587            -1.943354            1        0.666938            
-5.463417            -4.459125            1        2.142474            
-1.941607            6.932315             1        10.064479           
3.462556             4.191079             1        0.720209            
7.546642             -3.877883            1        1.771582            
-5.684153            -7.966901            1        1.176743            
-8.128401            4.558152             1        1.173458            
1.392295             -1.13857             1        1.307466            
-3.315387            8.388152             1        1.336788            
9.908679             -7.244059            1        44.852433           
-0.119251            -3.654757            1        0.245222            
-1.721861            0.01372              1        1.650185            
9.072718             -6.355499            1        1.978185            
0.447637             3.897571             1        58.126325           
-4.381151            9.730443             1        1.314596            
-5.611294            1.972456             1        0.329933            
1.548675             3.902208             1        1.807684            
8.436064             -7.877399            1        1.062132            
-1.122926            -7.906274            1        1.274951            
-3.659984            5.073189             1        0.445886            
-3.678929            -1.847048            1        2.059575            
2.875996             6.382669             1        37.438269           
-9.526638            3.368846             1        0.508291            
-9.345455            7.331591             1        1.546235            
-2.181101            -1.679026            1        1.70775             
1.666047             9.23982              1        0.370487            
-7.322728            0.224007             1        42.044853           
-0.711208            -5.93822             1        32.683759           
-0.61166             2.698133             1        1.057809            
-7.206506            0.026551             1        0.899178            
-0.061851            -6.814396            1        1.968039            
-7.17829             -5.08646             1        2.04722             
7.93725              -5.418916            1        41.908314           
-3.671194            6.946303             1        1.205484            
8.165302             -8.426483            1        1.676656            
-5.649897            -0.725852            1        0.377865            
4.04857              -0.562879            1        2.147564            
1.922086             -9.793711            1        2.253886            
7.081386             -5.660009            1        0.834095            
0.733805             -3.647052            1        0.968666            
7.949452             -0.725589            1        0.70322             
5.911968             -9.525701            1        0.483736            
-4.375525            -5.420124            1        0.50104             
-6.855635            -9.182685            1        0.817498            
6.17503              -3.853201            1        1.497403            
6.376017             0.049461             1        1.649488            
7.306904             2.547512             1        1.489499            
-1.142599            3.275235             1        1.569776            
5.650454             4.627129             1        1.145557            
-1.749156            -8.495065            1        0.302979            
-3.175041            -6.12144             1        1.462531            
3.75489              4.462494             1        55.094321           
-0.579659            -6.187421            1        1.06232             
-8.625965            2.797337             1        1.885584            
9.189456             6.289001             1        42.04681            
0.002616             -1.88874             1        0.584823            
-6.947843            -7.418094            1        0.683568            
8.603812             -8.592287            1        44.488405           
-4.986741            5.193038             1        0.716566            
-4.483909            -3.19704             1        1.117752            
-4.357232            0.599666             1        0.338475            
-8.311946            0.995908             1        0.900328            
0.430145             -4.724995            1        0.815483            
5.445085             -6.168476            1        1.034702            
-5.030999            4.390198             1        37.632419           
5.659052             -5.591872            1        1.215209            
-7.88756             9.771515             1        27.941239           
-5.338488            3.281415             1        0.359415            
-1.531412            -1.806935            1        45.973209           
-2.370385            -9.903045            1        1.292994            
-3.094402            -7.420499            1        1.129613            
-4.729944            8.843209             1        0.602802            
0.847174             -6.173394            1        0.50406             
1.277042             3.794507             1        0.263173            
2.759584             7.497547             1        2.046199            
-2.824126            5.467318             1        1.634889            
-5.334847            9.49909              1        18.944556           
-3.527691            -8.79911             1        0.723286            
-9.89189             8.699747             1        1.257535            
-7.309285            0.931351             1        0.644182            
1.879313             6.119459             1        1.47129             
8.213921             7.646383             1        1.387783            
9.576524             3.752417             1        1.735405            
-5.765659            -8.354056            1        1.72284             
-7.337085            8.148776             1        0.443047            
7.694146             -5.10308             1        0.30452             
8.275746             7.783089             1        1.857052            
-7.073884            2.990049             1        32.467766           
-3.605524            -9.862004            1        22.061775           
8.555675             -7.490368            1        0.619292            
-5.244408            8.617749             1        1.919501            
7.051774             2.853061             1        0.883413            
2.763595             -3.599152            1        41.436754           
-8.642504            -7.619146            1        1.428527            
-3.095376            -7.181883            1        0.436088            
-8.714539            -6.062143            1        1.024613            
-1.980924            1.768883             1        41.853009           
-1.585265            -5.590096            1        0.740723            
-8.877164            -4.702595            1        1.126876            
-4.750364            -6.842671            1        1.396244            
1.143617             9.234802             1        4.93231             
-2.913131            1.857333             1        2.245688            
1.199527             -1.286134            1        2.026741            
2.346153             1.624545             1        1.491292            
-6.443463            6.924072             1        29.132375           
-3.312108            -0.999532            1        1.507772            
7.270887             2.677247             1        14.29305            
9.367231             4.117168             1        1.355654            
-4.305572            -9.483816            1        1.291027            
-0.224315            1.609337             1        2.114217            
-1.692846            -5.043622            1        15.538399           
9.7954               -4.737432            1        47.526874           
2.67094              -6.19847             1        2.263658            
-7.36703             -1.372612            1        0.36162             
6.237858             -2.335505            1        1.487641            
-6.91216             -7.981265            1        1.069521            
-0.072609            -2.975692            1        1.165517            
-4.783032            -6.787529            1        2.187822            
4.367632             5.592846             1        1.24144             
-9.030331            -2.586045            1        2.139247            
-6.923964            9.898788             1        0.683778            
7.34464              -8.7067              1        1.010055            
4.886779             5.611759             1        15.472339           
4.913744             -5.624675            1        0.424645            
-9.339782            1.310218             1        55.764431           
5.850572             -0.841006            1        1.628708            
3.421354             -3.903083            1        0.278073            
4.164354             8.477749             1        1.766677            
-9.060416            4.879773             1        1.459887            
-4.412312            6.476274             1        0.505274            
9.11141              2.278366             1        1.134515            
-1.252236            1.516834             1        51.063263           
-2.718264            -7.767953            1        59.802169           
2.98913              3.713636             1        0.615554            
-0.938549            6.638775             1        1.443267            
-1.044154            8.121661             1        2.21361             
8.55107              8.874192             1        0.578283            
9.451769             -3.642105            1        1.394473            
-5.418577            -2.204266            1        0.401003            
-3.633981            -5.633772            1        2.084172            
-6.989591            4.402051             1        12.295334           
9.633176             5.478303             1        0.865993            
3.23762              -6.696465            1        0.804403            
1.699694             9.78078              1        2.233217            
-9.182913            -4.571559            1        0.516433            
-6.081065            -4.402889            1        0.687819            
-3.2935              -7.81188             1        0.604152            
9.905208             1.559379             1        0.335401            
6.179021             -7.817794            1        1.73642             
5.136237             3.98696              1        10.494563           
-6.222843            -3.673508            1        1.991032            
0.013169             8.742062             1        4.727479            
2.728139             9.529043             1        1.860176            
4.493381             9.568285             1        0.362843            
-1.744439            2.108564             1        1.352703            
-4.078176            -5.336139            1        0.848116            
8.819951             -6.675436            1        14.285804           
-7.136013            1.814026             1        54.28501            
-9.469553            -0.026467            1        2.129886            
-1.792678            -2.04181             1        1.795879            
-1.014433            -7.237999            1        57.507551           
-9.950849            -0.117249            1        1.474629            
6.154051             2.799788             1        0.434179            
-2.500896            -4.557438            1        2.161481            
-7.181762            8.29095              1        1.487622            
-1.884576            -2.856869            1        1.775161            
-9.608559            2.153721             1        54.66004            
9.861054             9.630867             1        1.865169            
6.65747              -1.912515            1        49.885366           
-2.739561            8.294327             1        0.845005            
-6.880832            8.054729             1        0.511051            
-0.131078            -1.493987            1        20.503438           
-8.574595            0.387443             1        0.631649            
-8.190037            -5.480373            1        1.172998            
5.107426             -8.655688            1        1.815944            
-9.636152            1.207891             1        0.242526            
9.240359             -2.959519            1        1.529161            
4.417237             7.642835             1        1.268926            
-5.703491            9.187881             1        0.426718            
0.830082             2.15024              1        0.810294            
7.698482             9.107114             1        1.885746            
-9.773628            -9.351265            1        1.991998            
8.746285             4.606362             1        58.178237           
1.757562             -7.084033            1        0.701991            
5.381254             -2.362023            1        2.129317            
-6.124402            3.865719             1        0.397296            
-3.655143            -2.33288             1        13.831387           
0.049884             3.578447             1        0.381191            
-5.165301            -3.923251            1        38.64189            
-5.952073            -4.960951            1        2.117297            
-7.444277            8.103526             1        1.21082             
2.484581             6.425927             1        1.847329            
4.316829             9.660269             1        0.522643            
-5.369907            -7.976456            1        1.419597            
-4.509227            -1.018583            1        18.790701           
3.313488             -0.42228             1        2.236741            
4.95978              1.261282             1        0.683877            
4.770671             9.159263             1        1.453114            
-1.982495            -8.676608            1        0.983247            
-1.261236            3.996336             1        1.576897            
1.410701             6.534748             1        0.638159            
-2.796941            7.752313             1        9.678523            
0.225595             -4.436449            1        7.849601            
6.435033             3.715772             1        41.530865           
-9.616085            -9.290331            1        3.422745            
-9.523207            -9.649243            1        0.225215            
-3.696877            8.628734             1        52.258833           
-7.49779             -1.150191            1        1.117255            
9.119754             -7.195688            1        1.147948            
3.751144             6.972311             1        33.995709           
-4.554618            0.391871             1        1.917001            
8.884732             -4.692229            1        1.917486            
4.217215             -5.089883            1        40.069181           
0.38315              -1.603904            1        1.448989            
3.287511             3.217152             1        2.110193            
8.108093             -7.880151            1        0.722636            
-1.641706            7.186171             1        0.975795            
7.97079              6.781463             1        1.748646            
-8.767419            -4.651462            1        5.170416            
9.124496             1.892712             1        0.640448            
4.787487             5.844738             1        0.424647            
8.548551             -3.287738            1        0.846455            
-5.42465             0.825768             1        0.782968            
2.286649             7.386137             1        3.230511            
-3.638558            9.382072             1        0.562277            
-7.378158            2.368902             1        1.180585            
-0.593155            5.062797             1        0.986924            
-4.004494            2.731441             1        1.881135            
-7.313185            -8.058106            1        1.950124            
0.502519             6.925945             1        24.319994           
0.504131             2.63808              1        0.984451            
9.368361             -3.579021            1        1.584211            
9.815209             2.261521             1        1.852805            
6.96366              -9.21637             1        0.885272            
-2.379888            -1.482414            1        39.19577            
3.86464              -4.92846             1        0.389589            
5.462196             4.876466             1        1.31558             
-0.728235            2.381199             1        0.318702            
-6.985967            5.457441             1        1.173541            
-7.74659             9.260583             1        1.25256             
-0.510454            -0.086841            1        2.158392            
-6.182771            -4.400776            1        0.429473            
-9.718071            -0.281303            1        2.219924            
8.577422             -9.970765            1        2.148509            
2.879571             8.935525             1        0.65379             
-9.956863            -6.452556            1        0.883089            
-8.111452            -2.843701            1        56.422863           
-7.612755            9.222773             1        2.248848            
-9.873819            0.644609             1        1.474979            
-8.855828            1.370141             1        16.593623           
-7.594053            3.617366             1        2.246346            
2.343321             -1.329407            1        0.544184            
0.062733             5.893327             1        0.916195            
7.835066             -0.887986            1        1.436916            
6.254516             1.445836             1        1.688913            
-8.291593            -9.534676            1        1.729803            
-7.352465            -7.121124            1        1.867874            
-2.617257            9.056246             1        17.060731           
4.742237             -0.809878            1        1.29336             
3.22573              -9.477211            1        0.481221            
-2.643231            -1.411198            1        1.750542            
-5.681556            -2.27135             1        1.864867            
-8.66942             0.805221             1        1.61273             
0.189913             -0.484122            1        1.110492            
2.994774             4.356158             1        0.625826            
6.426693             3.930171             1        2.139018            
1.773607             2.312194             1        1.130393            
-5.577988            4.98672              1        29.756738           
-7.085306            -5.576613            1        2.111279            
-9.949698            8.643402             1        15.591056           
6.245262             2.324685             1        1.121771            
-2.762339            6.937055             1        0.937646            
4.135985             -5.40462             1        1.72489             
-0.227391            3.793067             1        56.936957           
4.417668             -1.088482            1        2.133309            
-8.841119            8.529147             1        0.92848             
1.968133             -8.900868            1        2.214937            
-7.756634            -4.860817            1        59.018738           
-4.860503            -0.607879            1        0.477835            
-8.467318            -0.890084            1        0.753976            
7.805624             -9.043021            1        0.337272            
2.14999              -3.432833            1        0.230743            
-5.382804            -2.301494            1        1.250119            
-3.150982            6.415255             1        50.148402           
3.15094              -7.685985            1        1.813329            
-6.113769            -6.182854            1        0.668667            
3.553201             -1.978533            1        0.340823            
4.438595             -1.733241            1        2.04963             
-2.417101            -0.498642            1        51.854304           
-2.559556            -5.169173            1        2.175561            
-7.480619            -4.224534            1        1.726512            
8.058722             8.175895             1        0.349811            
3.109915             -5.435048            1        0.520559            
5.750094             -2.562615            1        1.021899            
5.273822             7.768739             1        2.146344            
2.467174             8.380984             1        1.111985            
-8.477819            -0.648015            1        0.359455            
0.773918             9.59164              1        1.360036            
-1.002554            3.888992             1        0.404723            
9.90278              8.447156             1        0.314085            
-0.726251            -8.85306             1        0.770496            
-0.626807            -8.103653            1        1.874102            
6.196984             9.305272             1        0.382169            
9.506325             -7.360273            1        46.177242           
-0.563842            -6.137535            1        1.516882            
-5.741521            -9.682801            1        2.14169             
-2.050323            2.893821             1        2.189495            
-9.692457            4.679864             1        0.966148            
6.83199              -2.518295            1        55.072806           
-8.85874             -1.943604            1        1.614271            
-5.695295            -9.043891            1        1.430935            
4.720427             -8.435098            1        0.620669            
-3.759667            8.260196             1        1.210489            
4.937211             7.43569              1        21.35319            
7.242922             4.517171             1        37.653676           
-2.018667            -2.280025            1        0.979783            
1.169452             8.394934             1        1.412003            
-6.024696            6.461568             1        1.319618            
5.772245             8.010216             1        0.940766            
-7.12203             -0.918076            1        0.391483            
9.056269             -0.963709            1        0.782518            
-0.29707             9.222143             1        51.859676           
0.229078             8.637345             1        58.313399           
4.915728             -0.246252            1        0.429872            
-0.223119            -8.015125            1        0.330971            
-6.582549            5.733761             1        1.001974            
-0.929307            -4.684299            1        0.915917            
9.918268             -4.064857            1        0.55616             
-7.538361            -9.310515            1        1.562031            
-7.967225            9.696179             1        1.735107            
3.21123              6.075925             1        2.002134            
-9.657652            7.812417             1        1.640643            
-8.87398             6.398373             1        30.854397           
-3.035174            0.988474             1        1.857422            
8.43238              -2.223421            1        0.956916            
5.122441             5.730053             1        0.393083            
-3.73205             5.77643              1        2.265061            
-6.306284            0.369159             1        1.384316            
-0.755597            -7.857999            1        48.369154           
5.790291             -4.823886            1        1.597286            
1.295445             -7.381744            1        57.577684           
-7.669699            -3.45365             1        54.858605           
9.818953             -1.517               1        2.545124            
-7.268015            -2.587698            1        3.678802            
5.813187             9.907645             1        1.446853            
-4.034186            5.484211             1        0.716521            
0.176794             -0.454735            1        1.230923            
7.091185             -5.72945             1        0.559625            
8.66585              -0.359357            1        0.690997            
-8.728544            -6.96196             1        1.181371            
-8.415191            7.668982             1        1.053596            
3.540226             -5.746121            1        1.469389            
-4.346207            5.298951             1        1.591722            
3.664143             1.033333             1        1.477914            
-6.081362            -7.986666            1        0.450138            
4.385913             -5.479571            1        57.69481            
0.623064             -0.777281            1        17.526535           
-2.44632             3.765251             1        1.402711            
-8.71638             -8.694206            1        58.974349           
7.171278             4.651116             1        31.696797           
-1.37128             -2.020706            1        58.86097            
-3.131335            6.807121             1        1.869332            
-8.460584            -1.609182            1        0.345162            
2.425068             -7.461631            1        1.600252            
-0.445023            -7.344235            1        1.699421            
-6.282742            -9.914805            1        0.733311            
-8.352238            1.685741             1        1.518316            
7.754618             0.252084             1        48.841064           
-6.537399            -2.812292            1        1.182258            
6.817542             -6.119238            1        59.864758           
7.897014             7.135469             1        1.868124            
-8.019245            -7.582832            1        0.279238            
1.708542             9.192541             1        0.464784            
-4.199482            -7.363584            1        0.550596            
6.264117             6.202343             1        3.686433            
-4.462942            5.773807             1        0.706252            
5.923621             -2.611328            1        23.615656           
0.918825             -7.150903            1        1.888418            
-9.784199            6.676661             1        1.010721            
-1.326196            7.263255             1        1.602525            
-4.549848            4.151485             1        22.356724           
7.858443             -6.125487            1        1.59086             
6.87597              4.659429             1        1.958484            
8.140549             -5.415374            1        19.627998           
-4.083634            -5.345116            1        53.689886           
-8.302612            8.740737             1        7.114882            
-8.677969            1.861641             1        0.923245            
3.241951             -0.222967            1        0.902684            
-0.078386            2.330468             1        1.010445            
-5.550687            -5.991451            1        15.364442           
-1.428082            4.337615             1        0.693283            
-0.567987            2.763168             1        1.607241            
7.638713             2.556226             1        0.663162            
-6.781267            -0.124244            1        1.44315             
-6.8077              -1.396039            1        0.783962            
4.333803             2.052354             1        1.010371            
-4.475306            1.331371             1        1.091813            
2.497075             9.130109             1        0.485112            
-8.386775            -6.547189            1        0.416003            
6.158287             -6.231891            1        2.1273              
-9.448784            9.362023             1        1.163557            
-0.164744            -5.827536            1        0.957782            
-7.574749            -0.819315            1        1.739194            
-7.335498            0.812052             1        1.004256            
3.97479              -1.078847            1        5.549705            
7.367701             1.899553             1        1.586123            
-3.996798            -2.522876            1        0.272043            
8.53737              7.877755             1        0.249283            
2.5208               8.888515             1        0.308032            
7.520243             -5.36004             1        1.011059            
3.92351              -1.783344            1        1.389427            
-0.865358            4.53021              1        1.980125            
6.133005             3.914959             1        12.802746           
-6.099929            4.986731             1        0.641422            
-9.964818            7.096338             1        0.207403            
-2.832653            -1.59244             1        1.556196            
-2.880945            5.525146             1        59.876336           
9.681284             -1.206699            1        1.682553            
6.770269             -9.42684             1        0.900313            
-4.502341            -3.778764            1        0.576241            
0.808875             -6.219348            1        0.416427            
-6.791312            3.842161             1        0.805132            
0.399849             4.25521              1        37.792446           
-0.407226            7.633793             1        0.475618            
0.176171             -2.995954            1        0.420113            
-7.432672            3.200624             1        1.107061            
3.302149             4.328215             1        0.990351            
1.712021             1.744716             1        2.007657            
7.794537             7.763455             1        2.083521            
-0.623818            8.859965             1        0.985709            
-1.894943            0.492399             1        1.557854            
-1.148248            5.450639             1        26.989018           
-4.486824            1.378306             1        0.79534             
1.737206             0.556255             1        0.93474             
-5.275821            6.057179             1        1.187528            
2.388836             -0.871788            1        2.183043            
1.641183             -9.177458            1        0.273891            
9.414642             -7.815535            1        50.493843           
5.24098              6.171776             1        1.175124            
2.21135              -8.395158            1        0.554492            
-3.130611            9.946696             1        2.212637            
-4.717062            -5.127758            1        1.181062            
3.881484             -0.663247            1        1.557251            
-0.451883            5.813698             1        1.082196            
1.002245             -0.024895            1        2.068935            
-2.926229            1.041413             1        0.315265            
-7.564991            -1.456865            1        0.536422            
-0.37915             9.012809             1        52.042175           
-1.371254            3.951062             1        1.688726            
-6.326185            9.89085              1        1.208855            
0.052239             7.399378             1        2.159133            
2.191008             -6.617676            1        0.990185            
2.011394             -7.87474             1        0.256863            
2.809238             -5.826583            1        1.284028            
-6.764584            -6.519396            1        1.510018            
4.802727             -4.45083             1        1.020288            
1.037116             0.312059             1        1.497404            
8.727443             -1.631488            1        0.387925            
6.49603              6.811097             1        0.743937            
0.815858             -2.891859            1        6.207227            
3.431224             -5.798661            1        35.109683           
-4.986825            7.576149             1        12.068428           
4.798234             1.677436             1        4.690473            
8.677394             -5.230398            1        1.387187            
1.711142             2.685015             1        1.175641            
4.270583             -4.041564            1        1.68101             
-5.740745            -4.737388            1        39.511836           
-4.138417            8.495913             1        1.85726             
4.961668             4.910987             1        10.859228           
4.844907             3.179505             1        1.053244            
-5.698754            2.779168             1        0.817004            
-6.214464            6.317664             1        0.684692            
9.963491             0.645582             1        1.570678            
-3.921806            -1.63447             1        1.738759            
-8.311875            9.754539             1        1.837393            
-7.992035            -0.518708            1        1.087752            
1.097196             -3.185838            1        0.457286            
8.288472             -5.882073            1        1.390129            
-6.614191            9.658378             1        0.747906            
-6.406268            -9.802468            1        1.853813            
-6.323818            -8.036589            1        0.332131            
-3.605611            -5.538922            1        1.3217              
-1.718115            8.587765             1        1.648196            
-8.284135            5.037418             1        0.798492            
-0.058281            7.538753             1        0.799107            
1.380568             6.319759             1        1.020148            
-6.926511            8.692546             1        1.644616            
-5.178923            8.510572             1        1.763178            
6.72577              -7.778975            1        2.073325            
4.006643             9.169222             1        2.250177            
7.339034             3.406262             1        0.615684            
-4.410987            -4.909462            1        39.842713           
-3.374019            6.560863             1        29.298421           
-9.740166            7.874218             1        0.619547            
-6.598607            4.975061             1        46.428135           
6.812456             6.279832             1        0.766684            
5.481243             -3.48347             1        0.359937            
-2.897168            -5.992343            1        0.725315            
0.948767             6.857056             1        38.054889           
2.02055              0.062347             1        0.627951            
-0.986589            -8.117305            1        39.437556           
-1.427283            9.669817             1        1.964032            
-7.825854            2.782824             1        1.541951            
3.650248             -5.205691            1        1.836069            
6.213754             4.569584             1        1.106765            
1.040169             -9.127798            1        1.002454            
-2.557753            -3.986364            1        42.549505           
0.306957             2.116167             1        1.96809             
-7.551776            9.824641             1        2.11411             
-2.985301            -7.534945            1        1.312287            
-7.667644            -2.470769            1        1.583635            
1.968045             -4.077779            1        6.071294            
6.205683             9.687209             1        1.34055             
9.846973             8.717783             1        34.299436           
-0.888933            6.081912             1        1.210615            
9.649817             -3.801645            1        0.436811            
-0.188758            -0.07245             1        2.133682            
-3.739573            -4.477838            1        1.352466            
5.8853               -0.893649            1        1.657457            
4.628092             -5.059802            1        0.489183            
-5.809346            7.438033             1        0.555132            
-8.725619            8.900547             1        1.421919            
-8.261983            -5.597254            1        0.84819             
-9.534932            5.002931             1        0.76008             
-8.721929            4.78903              1        2.017725            
2.106169             4.785598             1        1.466449            
-8.455011            -5.13677             1        1.927031            
6.426589             4.977516             1        0.292492            
7.998842             -8.975936            1        1.343788            
-0.011847            6.747535             1        0.52071             
3.666441             -8.442603            1        0.314221            
0.993695             -7.761974            1        55.591              
-3.516198            3.646554             1        0.213366            
-4.004593            -5.859382            1        1.13563             
-5.407282            7.335503             1        2.185452            
-8.964086            3.349044             1        0.249724            
-5.768219            0.311898             1        5.737912            
4.470917             6.904383             1        0.326732            
-8.77687             0.648905             1        1.652152            
-5.025381            7.477401             1        0.509336            
2.089427             0.305594             1        1.273504            
4.853025             -2.946306            1        1.75558             
1.196008             -1.46055             1        1.100487            
9.865469             -6.565762            1        1.059266            
5.863185             7.592968             1        1.598288            
-3.493858            -5.410043            1        1.15622             
-8.214214            4.918985             1        0.276904            
6.61124              5.58813              1        1.33305             
3.071135             -8.469683            1        0.343641            
4.536416             0.243062             1        39.10362            
0.757603             1.929874             1        0.701818            
4.804042             -7.998934            1        54.027047           
-0.610059            6.230069             1        0.734388            
3.24519              3.731465             1        2.243422            
0.193426             1.712373             1        2.208475            
-2.423306            2.014313             1        0.408281            
9.447383             7.275233             1        1.426609            
2.565856             -7.919924            1        40.896926           
7.051665             3.274091             1        1.189797            
-2.338606            0.380496             1        1.936735            
-0.30629             -7.050332            1        2.050552            
6.231438             4.760799             1        34.098831           
4.294628             3.8534               1        38.141319           
-9.348209            -3.147384            1        0.592474            
7.159608             -3.790006            1        0.734098            
6.594873             6.060272             1        1.060128            
3.494739             8.180619             1        1.944088            
-6.00827             9.752012             1        0.472045            
-8.754532            1.323793             1        15.026274           
-9.618699            -5.540162            1        58.335739           
-7.950523            -3.784018            1        13.503678           
-7.494762            5.543783             1        1.541506            
-0.661034            8.616052             1        16.248945           
1.598473             5.353419             1        0.295752            
-6.926931            -7.526327            1        1.282223            
-5.79307             -4.339577            1        1.887082            
-4.514403            -3.233202            1        0.490095            
8.384311             -8.734952            1        21.658777           
9.840566             -8.211409            1        1.622654            
3.482707             5.187584             1        1.860618            
-3.970851            -4.006917            1        2.261691            
-7.648416            -5.847057            1        0.389112            
-8.976077            1.399213             1        1.565468            
5.117299             2.637427             1        14.684927           
-6.278086            -6.902022            1        0.791459            
-9.87285             5.601097             1        1.882154            
-8.058924            6.331616             1        0.830484            
-4.449893            8.88172              1        0.328203            
-9.136647            3.332139             1        45.164809           
8.695865             -8.320951            1        1.89461             
-7.796922            3.136953             1        2.062108            
5.690661             7.640648             1        0.905701            
3.034621             -3.836807            1        1.493244            
-2.94307             -9.407643            1        0.637893            
-1.983206            3.386914             1        0.90755             
-4.396782            3.185131             1        1.436003            
6.519959             -3.499087            1        1.084369            
-8.632902            -6.096353            1        1.146298            
4.376427             0.702355             1        1.65195             
-5.531044            9.317536             1        45.798371           
-5.103619            2.617963             1        37.415955           
1.931077             1.583446             1        53.671106           
7.854874             1.390083             1        2.115158            
-0.441986            9.598359             1        0.48932             
3.824233             9.044876             1        1.83066             
-5.797942            -6.714558            1        52.426479           
-9.098425            8.812263             1        11.623083           
-3.521532            -4.788766            1        1.893612            
-9.898855            -4.003672            1        17.225794           
0.013377             -2.996762            1        23.966566           
-5.941303            6.309456             1        0.755232            
2.024375             6.291053             1        0.235448            
-8.36598             -4.356735            1        7.642409            
-0.812045            0.596161             1        37.871176           
-3.177875            4.97467              1        2.199964            
3.119841             6.530205             1        2.081981            
-7.029622            -7.332048            1        0.675548            
-2.226881            2.947156             1        41.242926           
-9.425158            7.887503             1        1.873469            
-9.385993            -7.019845            1        52.64192            
-1.725318            3.563761             1        23.038835           
4.101056             2.536456             1        1.268549            
-6.665026            4.79049              1        0.993273            
-0.820976            2.112876             1        0.659111            
-6.147591            -0.529317            1        1.991424            
1.748483             1.099441             1        1.36023             
-0.766043            6.792184             1        2.222021            
-2.187897            -3.923621            1        0.257171            
0.468699             -8.738723            1        1.052218            
-7.446726            -8.344688            1        1.742329            
7.392144             -8.68847             1        1.48774             
0.13727              -6.683315            1        2.092272            
0.939684             1.344782             1        1.710754            
7.263783             5.929807             1        1.053117            
-5.306897            8.10773              1        0.571697            
-4.951086            4.630026             1        1.493795            
-0.496028            8.149349             1        0.532103            
-6.1146              -7.922758            1        21.582816           
1.286136             -1.871459            1        16.170606           
-9.399675            -0.893135            1        30.573095           
-7.880677            -5.858068            1        0.261192            
-3.905819            7.525881             1        1.69421             
-7.065338            -6.114773            1        0.342945            
2.99308              -1.920501            1        2.096394            
7.009323             9.768495             1        1.20019             
-1.056823            5.883055             1        50.794019           
7.475461             3.023554             1        0.776084            
-1.748837            -6.685616            1        2.192499            
5.442579             6.081217             1        1.218047            
8.189291             4.485723             1        1.148863            
-8.036964            -3.974394            1        1.926108            
-5.535787            5.745082             1        0.820215            
-1.726825            -8.338043            1        0.791409            
6.826499             -9.476965            1        1.5127              
5.478332             -6.294859            1        2.158637            
7.859108             0.081726             1        1.434874            
-1.586592            0.524973             1        1.113711            
3.659704             -1.1702              1        1.872802            
-3.698677            6.618452             1        2.133698            
-5.495849            5.876732             1        0.511525            
-0.958563            7.515288             1        31.853583           
2.617903             7.25847              1        1.536758            
-5.087379            5.493568             1        2.18325             
-1.454833            9.532991             1        39.138353           
4.462575             4.087602             1        2.082645            
3.944298             7.681596             1        1.11495             
5.469565             3.113963             1        2.135062            
-5.543028            9.715626             1        2.21305             
0.299138             9.172304             1        0.799937            
-9.016982            -3.788484            1        1.182539            
5.564344             -9.394496            1        1.358872            
3.543613             5.051659             1        0.899268            
7.123166             -1.029878            1        0.566076            
-8.942832            1.533481             1        0.603756            
-0.139924            9.025571             1        0.278663            
-5.153059            -7.227353            1        0.567427            
-7.781429            3.662967             1        0.701982            
5.066221             8.955673             1        1.496431            
-7.726633            -0.629077            1        34.356821           
1.686893             -2.168268            1        6.461886            
-6.645126            -9.288785            1        2.131506            
-6.665               -6.317822            1        2.004576            
-9.597706            -7.322812            1        1.998316            
-3.85666             -9.102141            1        2.035432            
7.724434             9.096882             1        0.888913            
1.902225             -5.356902            1        0.649186            
0.616148             -7.351419            1        2.035259            
4.797618             1.705478             1        1.321645            
5.042784             -7.244569            1        0.745775            
-8.618624            -4.434117            1        0.202946            
5.546137             7.856307             1        0.462437            
7.100221             2.043222             1        0.705464            
6.316266             -1.767366            1        0.351845            
9.329416             0.666531             1        1.101726            
-9.479244            -6.511341            1        40.544639           
1.356453             -2.301023            1        35.227648           
-2.335695            -7.729093            1        0.980813            
1.242435             -3.823265            1        0.389629            
9.131003             2.783039             1        0.688508            
0.464826             5.203402             1        1.217103            
-2.933529            0.04485              1        2.070909            
8.98368              -9.350979            1        1.066737            
5.540353             -2.488435            1        53.429984           
-0.085469            8.677671             1        0.947246            
-9.061236            2.331735             1        0.975438            
2.944968             -4.738337            1        50.15385            
-7.686722            1.488145             1        0.484855            
3.190207             -8.331901            1        1.732293            
7.174081             -6.594241            1        2.182707            
