trucks_count 15
drones_count 15
customers 1000
depot 0 0
Coordinate X         Coordinate Y         Dronable Demand
-13.465594           -1.2267              1        0.714621            
-6.57731             13.847084            1        1.376048            
15.32132             3.490355             1        16.37846            
6.055541             -16.817727           1        0.761379            
-10.824436           -16.366874           1        15.950585           
5.829624             -13.791223           1        1.065122            
15.331394            -7.841206            1        1.227641            
5.138412             18.589339            1        2.165354            
-0.622433            1.76293              1        1.060585            
-18.569468           -14.631682           1        0.444108            
15.053659            14.398611            1        7.669489            
4.809064             13.141563            1        0.458373            
-9.63124             11.203182            1        0.868721            
-13.793687           -1.369562            1        1.441123            
-15.449838           0.962023             1        0.507039            
-16.41053            16.244078            1        0.568238            
3.938918             0.783709             1        0.631615            
12.07886             9.773291             1        1.275732            
-13.041799           -0.116294            1        1.06657             
6.578047             -3.635681            1        1.338279            
17.785292            -15.732466           1        1.787568            
4.451811             -15.644796           1        0.868539            
-1.819535            -10.732486           1        8.36473             
1.167753             -15.937082           1        2.009751            
18.139418            -13.078177           1        0.302828            
14.467472            0.858402             1        1.342602            
-15.195145           18.699933            1        0.940186            
-13.135675           6.162743             1        2.092676            
-15.060642           10.44565             1        0.692634            
19.443327            15.453917            1        27.585635           
4.800885             -3.100116            1        1.04768             
2.265745             -15.235293           1        1.261149            
4.875572             7.777549             1        1.016699            
3.046804             -9.270353            1        1.423974            
4.791165             -12.497762           1        17.769829           
-13.097611           -4.057355            1        1.702066            
-8.161813            -6.677898            1        2.078418            
-13.910155           19.201311            1        1.298179            
17.018735            19.872464            1        1.704228            
15.091001            -7.322712            1        0.713148            
-4.563746            7.886836             1        0.203957            
-7.274941            17.629591            1        25.46929            
4.281534             10.022489            1        0.980958            
-3.444836            -18.938773           1        0.889945            
13.54359             -16.934688           1        1.391527            
-0.097615            -2.930216            1        0.868248            
5.446927             -15.411061           1        0.555654            
-14.740986           -0.76459             1        34.100361           
7.654904             1.983133             1        2.020391            
14.215461            -14.2592             1        55.30084            
-17.802549           -19.977701           1        1.149405            
7.505517             -6.60838             1        0.925864            
-19.069799           -6.915938            1        1.681472            
3.778032             17.699453            1        1.813851            
1.240862             -1.529674            1        1.989413            
2.336238             9.51047              1        1.95257             
3.973687             0.083842             1        34.666992           
-10.535238           13.320751            1        1.692131            
-18.960679           7.976548             1        1.130497            
16.726679            -9.037217            1        5.468537            
-18.547322           -10.851734           1        0.708907            
1.47104              -11.811137           1        1.123008            
15.724802            -12.559619           1        47.459199           
5.551067             10.506834            1        42.335671           
-17.494696           0.848508             1        0.692457            
14.801733            -17.380764           1        0.749679            
17.240646            0.391047             1        2.186638            
-6.314134            -18.825981           1        1.234447            
13.130392            9.059623             1        39.401791           
-5.737085            -12.296606           1        0.99719             
-9.835318            4.504706             1        1.644159            
18.587778            -10.319064           1        2.24853             
5.683843             1.411371             1        1.622966            
-6.204717            -7.279647            1        1.842569            
-19.569025           -18.191219           1        0.247902            
-15.216289           0.530747             1        0.939643            
16.455345            -4.334211            1        6.711855            
-14.974946           3.975615             1        1.605995            
-13.874935           3.785738             1        0.645639            
-17.280588           -5.331252            1        1.856541            
10.717165            -10.338661           1        0.477788            
-19.875903           9.654518             1        0.5944              
-5.87631             -14.291298           1        2.216394            
-9.717417            -19.829841           1        0.976491            
-1.826766            3.078342             1        1.858727            
-0.904394            -19.413805           1        1.369672            
-1.708345            17.8752              1        0.815676            
4.128978             -12.678914           1        2.01322             
-9.449573            -10.478895           1        1.634036            
-3.970985            -8.925865            1        1.362751            
2.736753             -6.592558            1        1.142376            
-9.920753            12.748189            1        1.428035            
-2.194173            18.012771            1        17.22273            
-18.387137           8.474061             1        0.752987            
-7.877814            -14.620818           1        0.500125            
-16.447145           8.559776             1        0.793098            
-0.256193            19.805435            1        2.194102            
0.848637             -16.154417           1        0.883417            
15.921377            13.096992            1        0.445478            
-18.498927           -4.075352            1        1.658776            
-0.64292             -15.910991           1        2.228409            
5.100758             -7.031743            1        2.0951              
12.169662            10.514415            1        1.512278            
3.282075             10.765981            1        0.40587             
17.691211            -4.192229            1        20.959168           
6.364655             7.139522             1        1.021838            
-8.443973            -6.020599            1        0.38317             
0.217467             14.814894            1        0.328017            
19.60951             -6.842538            1        18.161955           
5.709445             12.270203            1        0.273674            
-1.471489            19.00907             1        1.864644            
14.183495            -19.610297           1        19.963383           
13.354581            -4.619956            1        2.004026            
16.985141            -15.304968           1        1.94045             
17.167695            -2.04925             1        0.494693            
19.365106            -2.272202            1        2.173142            
11.416109            -14.682619           1        0.850876            
-4.32747             -6.046101            1        0.67864             
1.435205             5.600336             1        33.174366           
16.970523            -7.248865            1        0.894237            
2.09516              4.256917             1        6.152631            
12.414617            14.755312            1        2.01594             
14.059154            -16.353472           1        1.706178            
2.267598             12.303882            1        46.026875           
-5.681953            19.744865            1        17.500124           
8.862528             -3.897201            1        0.701226            
-15.94159            -1.398891            1        1.495529            
8.733198             -12.991521           1        1.237408            
-1.28151             6.479461             1        0.276728            
19.353839            -8.930312            1        0.957028            
6.087488             16.873784            1        0.570842            
19.737901            -15.774647           1        1.68082             
3.840923             -6.5649              1        0.547782            
-16.450862           -11.367866           1        0.574773            
-8.59247             15.322091            1        1.735979            
11.657332            0.678689             1        51.621596           
-3.024222            -1.032802            1        1.374883            
-1.380015            15.844678            1        15.88343            
12.262104            6.645923             1        2.220703            
-13.380413           -8.016919            1        1.825129            
14.161768            2.237157             1        0.703072            
-12.253871           14.905604            1        2.016972            
-7.697007            2.468194             1        0.332585            
2.347493             7.358075             1        1.342161            
-19.313369           -2.259602            1        1.201238            
3.233422             -13.731716           1        0.62753             
7.768964             -9.232807            1        1.635553            
-4.335861            -6.872042            1        1.000781            
-3.058097            -14.963855           1        0.509724            
11.503406            0.865169             1        19.932364           
10.362679            0.768858             1        0.625999            
-14.97375            -7.643397            1        51.679229           
-5.78322             -9.277189            1        1.907924            
8.007546             3.055214             1        1.862146            
-1.303704            12.715462            1        0.891507            
15.578529            -2.17925             1        39.79521            
13.613751            11.928138            1        0.343378            
14.902186            -2.910605            1        0.278027            
-9.41256             -5.126898            1        2.20065             
1.808843             7.820948             1        0.756068            
12.442237            3.265001             1        0.217787            
-8.487677            -13.523832           1        38.933321           
5.566929             2.787211             1        1.225147            
-11.35315            -8.716456            1        0.632353            
-5.751872            -2.736543            1        0.328053            
12.788363            17.826223            1        0.864975            
-6.448812            18.653854            1        1.323494            
-8.646274            16.742499            1        1.129602            
-4.537434            17.449886            1        0.654497            
12.49028             -7.195941            1        30.634453           
-5.096061            -13.812479           1        1.277935            
12.020192            16.687058            1        2.06395             
-9.117891            17.093567            1        33.36883            
-15.996076           -19.644542           1        42.158341           
-1.855701            -17.35353            1        1.993095            
6.219798             0.715027             1        1.45447             
2.811962             -9.190852            1        0.780396            
9.246272             2.407258             1        23.979879           
-13.184245           14.89081             1        0.478192            
13.739243            2.712719             1        0.41865             
16.728289            18.665835            1        1.328719            
6.347543             12.021445            1        0.212506            
8.220007             -2.319534            1        11.900352           
-13.901168           3.428787             1        0.633435            
-4.469751            1.141468             1        1.624115            
-3.842953            8.191708             1        2.227911            
-12.519656           14.225796            1        23.075671           
-19.483134           -15.210064           1        1.939779            
-2.264991            18.697031            1        0.329734            
2.595609             16.871116            1        1.716571            
-0.268754            10.584739            1        1.488633            
-14.143257           6.578878             1        20.796094           
-17.4086             12.564854            1        1.975921            
6.801522             -1.204472            1        9.482494            
-0.996945            18.800999            1        2.132689            
-9.245201            6.33296              1        1.2766              
1.991618             -0.874688            1        0.837402            
11.950189            -19.087029           1        1.882458            
1.085063             1.133643             1        46.106427           
-12.313091           4.308614             1        2.213069            
-16.323922           -19.513599           1        0.943058            
14.786768            -13.512402           1        1.370817            
14.244733            -9.490568            1        2.078986            
13.719072            -17.37391            1        39.441699           
7.962384             -16.202295           1        0.412178            
8.299112             -9.959799            1        2.020732            
10.453327            -3.765157            1        2.053844            
-7.144457            7.041913             1        43.595801           
3.744459             13.33165             1        0.569243            
-10.310037           -3.020932            1        1.081054            
0.496089             -2.249476            1        1.652272            
-14.259982           3.038993             1        0.827694            
-15.453557           7.441793             1        1.38246             
1.668969             9.547963             1        1.941836            
-5.982128            -19.025336           1        1.708694            
2.801982             -11.796428           1        0.969785            
10.732953            4.585735             1        0.697104            
17.439306            1.533888             1        0.413003            
-0.807651            -6.474507            1        1.523749            
13.386372            -15.323425           1        1.397389            
1.189295             -19.430886           1        1.372115            
19.014968            17.521971            1        1.941938            
4.794335             14.287515            1        0.278922            
9.945856             -2.238114            1        22.977009           
-15.793671           -9.166696            1        0.507693            
11.194558            -17.870188           1        0.382037            
5.438828             3.632298             1        1.216726            
5.804041             -17.181504           1        1.47304             
-0.688967            9.853062             1        42.349613           
-12.867986           -15.700553           1        2.155605            
-14.134289           -6.283219            1        0.492335            
-5.066746            -13.24639            1        0.904736            
-5.087952            -4.850753            1        1.460127            
10.642324            5.716877             1        1.094315            
18.097769            -3.088814            1        1.985917            
-13.637194           -6.304724            1        15.313157           
7.405026             3.486049             1        1.135558            
1.082189             17.16989             1        0.581038            
-16.733713           -9.635466            1        1.825102            
-5.322782            -17.525872           1        48.601412           
-2.701262            -0.095071            1        1.859621            
-4.60867             1.017138             1        0.584582            
15.388582            -4.084259            1        2.196547            
15.558634            19.676584            1        19.307062           
-10.913791           4.217001             1        1.661009            
17.995182            2.259035             1        0.904797            
16.229614            1.669982             1        1.990726            
-13.297997           -1.78373             1        1.159717            
-9.791056            -4.120858            1        1.661431            
6.886238             5.603813             1        0.643487            
8.416112             8.618019             1        43.791401           
-2.224705            4.16482              1        1.876061            
-12.769136           18.236999            1        1.043202            
-6.274885            7.793417             1        0.278328            
-18.601672           -3.369985            1        40.011376           
14.35307             -7.679001            1        8.991131            
17.836271            -12.92898            1        0.98046             
-8.546743            -18.766543           1        0.275456            
7.602302             -4.142449            1        1.720684            
15.436581            0.008569             1        56.597375           
-3.599259            -3.48863             1        1.949042            
-11.083616           -6.908537            1        8.529766            
14.148396            1.812457             1        0.45984             
8.975253             4.448344             1        1.681026            
-7.873716            -7.599461            1        2.097388            
6.42442              -13.183956           1        0.895163            
-7.040235            1.482519             1        18.829313           
-10.867104           19.953253            1        0.578507            
-17.892612           2.193217             1        1.409714            
11.678164            14.854229            1        0.442698            
9.954801             -16.631089           1        1.569408            
-9.861139            15.590543            1        1.452339            
18.38535             -0.301506            1        1.548355            
-14.539762           -0.940226            1        2.071258            
-3.055557            -9.724398            1        0.90571             
-13.049457           6.755388             1        23.577532           
14.347182            -12.944434           1        0.853216            
-18.327434           -6.984872            1        58.363936           
-2.23154             -0.693757            1        1.896862            
-7.958759            17.703112            1        2.050271            
-7.870135            18.573493            1        0.983503            
16.352342            -2.017384            1        1.140902            
-6.488528            -1.425431            1        2.035823            
-17.654378           -19.325522           1        2.197222            
11.947861            12.535505            1        1.050545            
1.402943             5.313125             1        1.678671            
-7.964613            12.666736            1        1.49465             
0.85323              -12.482606           1        0.350076            
1.575172             2.039154             1        1.126132            
17.558636            -19.30428            1        1.440699            
0.368117             -11.056081           1        4.404198            
17.33648             18.992716            1        1.614536            
-2.987529            7.687631             1        0.237445            
16.427282            9.293288             1        2.181546            
3.93657              -6.036968            1        1.492101            
-12.392389           -19.464395           1        1.54297             
4.685962             6.720406             1        1.251646            
-14.659403           -3.312287            1        0.899025            
-15.616694           -13.107898           1        1.564149            
18.815953            7.690025             1        1.572567            
-0.655105            -7.365366            1        39.982354           
19.964585            -3.419889            1        0.434018            
3.473111             16.736619            1        1.287616            
-16.854783           -8.445948            1        1.518734            
-2.781826            1.12233              1        1.069394            
6.77169              -9.814132            1        2.004302            
14.668878            12.849606            1        0.230862            
-4.069526            -4.760736            1        1.08281             
14.570671            -2.550319            1        1.268382            
1.052541             19.534907            1        1.275256            
13.222357            0.474005             1        2.049579            
-15.014253           10.446116            1        0.700508            
-14.929777           0.577427             1        0.287446            
13.994749            5.503452             1        0.255338            
11.333531            -18.411328           1        59.402495           
-18.961979           -19.943881           1        1.874646            
3.276147             6.02988              1        1.209308            
-11.92513            -8.056558            1        1.708062            
-5.938972            9.597578             1        1.618909            
-18.917478           -19.34167            1        1.389365            
-12.479449           -2.710778            1        31.347366           
-13.168796           8.12756              1        0.315775            
17.09235             7.299902             1        0.441418            
-14.738723           -18.584197           1        2.01065             
-13.401686           -15.799317           1        32.87434            
13.617452            -0.731259            1        0.269611            
12.609395            -12.702748           1        1.31342             
2.594891             5.366091             1        0.778042            
8.938026             11.276961            1        1.38565             
3.864019             15.092531            1        37.548272           
1.263784             -3.700917            1        1.910492            
-14.595314           15.864443            1        35.518976           
3.121301             -12.429735           1        0.404648            
-15.028774           -10.20831            1        1.68514             
-1.141874            15.771508            1        43.206627           
17.984262            -19.930691           1        57.04678            
-10.073573           16.658072            1        1.480572            
-19.457301           4.028666             1        0.493998            
0.058351             15.835014            1        0.740899            
-17.803414           2.011037             1        42.936208           
8.215257             1.322974             1        0.217593            
-9.058461            -18.186033           1        0.325095            
14.370654            18.314516            1        0.764729            
1.55268              1.404125             1        2.167851            
-8.29145             -0.332539            1        33.762608           
-11.482901           13.892134            1        18.862026           
18.186954            14.614932            1        0.567455            
-18.350079           -12.046815           1        0.444799            
3.995421             3.407319             1        1.099493            
-8.088035            17.95688             1        1.779307            
-17.089914           19.019767            1        1.315301            
2.046082             -9.601323            1        0.479557            
-18.485993           5.966589             1        0.712034            
-6.990145            -19.917768           1        1.424745            
11.718473            19.58274             1        2.130704            
0.706755             -12.371213           1        2.058539            
14.050084            -5.585801            1        0.491789            
-10.241808           4.875682             1        1.854818            
4.535866             3.920547             1        2.027166            
10.280905            -17.976583           1        1.09208             
-16.189722           19.236105            1        2.239502            
4.557664             -1.192359            1        34.063831           
17.097052            12.245182            1        1.558632            
-13.887325           13.528234            1        0.684491            
-11.859223           12.847133            1        0.729075            
-16.110225           -13.817596           1        1.322058            
4.674607             -12.480918           1        1.19388             
15.420085            3.544363             1        0.473066            
-17.583562           -9.292345            1        2.066329            
-11.387391           -14.367578           1        2.183875            
5.225601             3.998213             1        55.885468           
-1.158776            8.14076              1        0.348361            
-11.058718           5.305502             1        0.522275            
-19.724937           -13.23263            1        5.299612            
8.415732             10.78431             1        24.243872           
-15.643506           -14.757595           1        2.256361            
18.097456            4.037487             1        1.813237            
19.719688            -0.525424            1        23.754296           
-18.318676           -19.982389           1        0.94015             
6.788                -9.911496            1        1.685694            
2.525293             -9.869442            1        0.589043            
-7.717276            -17.399376           1        1.016609            
18.624403            -5.768106            1        2.225675            
-3.632316            -7.299704            1        0.820472            
10.186139            18.74093             1        29.018619           
-14.92066            -8.272115            1        0.862001            
-12.832061           5.874992             1        1.64806             
12.229753            15.094634            1        2.250042            
-2.23158             -11.811445           1        43.130757           
-6.575915            13.304277            1        1.661183            
6.167459             -18.881922           1        1.928798            
-11.908016           15.816453            1        25.478776           
-10.678928           -1.925333            1        0.938673            
-2.610163            -10.665575           1        0.244891            
14.000056            -15.024699           1        2.063323            
-16.234105           -17.520874           1        1.599513            
4.267934             -18.598298           1        0.545075            
6.624759             -13.805878           1        1.44013             
5.511098             -6.424025            1        0.973866            
-8.756916            9.862538             1        0.763523            
4.001243             4.342055             1        6.692998            
-2.785757            19.402892            1        0.392507            
-11.396221           8.119255             1        1.611727            
18.58697             -2.275817            1        2.268458            
11.025113            6.204444             1        1.313144            
-10.176211           -8.99483             1        1.60569             
-10.934696           10.177875            1        2.194843            
-7.535819            3.907585             1        1.350855            
2.797111             6.668115             1        2.156394            
-1.197842            -18.829454           1        44.697064           
2.892758             11.029838            1        26.116756           
-6.42998             -1.076213            1        1.527141            
-9.250219            6.125086             1        0.518267            
-10.000406           -5.609025            1        1.685418            
2.426712             17.04551             1        47.517064           
17.702921            -3.569391            1        2.258443            
-1.405065            -11.830267           1        1.342336            
-14.798554           16.387862            1        1.502236            
-7.214111            11.444884            1        1.6362              
10.93787             2.103637             1        1.808233            
15.49973             -7.460547            1        1.35303             
4.91872              -14.726467           1        1.712957            
-14.780389           -12.650674           1        1.309008            
8.289846             2.793384             1        46.829677           
-16.985267           18.226885            1        0.45535             
-4.990996            1.019429             1        0.88002             
-14.136908           11.663636            1        3.061142            
18.817811            -9.083184            1        1.26938             
8.60851              -13.393302           1        20.515599           
10.33811             9.259697             1        2.688951            
13.483355            3.049688             1        1.322344            
6.986264             -14.336445           1        1.241238            
7.733807             10.493886            1        1.393878            
12.728397            0.07246              1        2.197658            
-2.336626            -16.507688           1        0.556538            
-4.28719             6.938894             1        1.490234            
-19.269495           -10.951771           1        1.355607            
15.939798            14.81517             1        1.050502            
11.778318            6.152382             1        0.270501            
-13.722082           2.805472             1        1.085052            
0.060191             -1.511451            1        1.668857            
5.634547             15.404462            1        0.673932            
-2.618315            -11.257554           1        19.557357           
-17.614453           -12.6969             1        0.535969            
-5.738661            7.283254             1        1.324033            
17.739416            1.266733             1        0.434411            
19.863391            -14.598057           1        0.924752            
-8.368655            14.375778            1        1.515177            
-7.523786            -4.810261            1        1.755383            
-10.513823           -15.039288           1        2.058758            
8.426537             5.681498             1        1.62062             
1.867407             -9.614805            1        0.766689            
3.186876             -1.83038             1        0.493163            
-11.199925           -13.105543           1        1.06761             
19.691902            19.345141            1        1.196377            
-4.708504            12.358673            1        0.928856            
-8.640587            17.203422            1        1.177372            
-19.83383            -9.716239            1        2.119509            
7.772071             10.483834            1        0.748421            
-9.563659            -17.339763           1        1.160379            
19.796186            1.276169             1        1.643385            
-11.098299           -13.088293           1        0.495571            
-9.383366            0.512851             1        1.649621            
-19.77004            14.737333            1        59.948876           
17.972285            9.575353             1        1.053987            
-13.816312           -16.408311           1        0.920186            
-3.583955            8.591364             1        2.068087            
-1.73014             1.464595             1        1.1382              
-15.990669           16.007739            1        0.914402            
-9.046493            7.008418             1        1.019157            
15.799614            -0.638249            1        0.568494            
-19.435742           5.381989             1        2.033054            
-10.793694           2.576299             1        17.661143           
-11.774509           12.681348            1        1.032313            
-3.754697            6.948509             1        0.330776            
10.468481            -13.836693           1        1.25086             
13.792881            -13.640895           1        0.699815            
9.048654             2.437682             1        45.435103           
0.4709               -9.234501            1        1.215171            
12.512213            -10.675276           1        1.16495             
-9.561915            7.64101              1        3.370801            
6.966198             -5.95961             1        54.72651            
11.980179            15.73133             1        0.350845            
15.392619            -1.572165            1        0.357953            
-5.844563            13.214592            1        0.331713            
15.997049            1.390748             1        1.044572            
0.430011             -11.645668           1        1.587249            
-11.780774           -3.638367            1        0.309879            
11.224346            -19.13407            1        1.825899            
17.323371            2.379839             1        6.762793            
-12.131006           -3.769099            1        0.295644            
9.144762             -19.662053           1        0.555943            
9.569166             -6.100242            1        0.997272            
3.65907              14.147862            1        2.02863             
19.314638            7.445718             1        1.469056            
7.356033             4.176238             1        41.288792           
6.55751              -19.516248           1        1.050135            
18.926755            3.583591             1        0.468026            
17.709007            19.29597             1        29.067195           
15.442234            9.730946             1        0.265628            
4.336058             -0.784075            1        1.625937            
7.545057             -16.331012           1        5.669577            
8.302864             -18.051528           1        1.737559            
-1.341778            8.701931             1        0.492182            
-0.152               2.578068             1        0.607905            
15.738684            -5.200358            1        0.354547            
13.83665             1.072983             1        0.846643            
-12.740767           -13.37278            1        1.241501            
19.321946            0.155993             1        42.273386           
16.75689             2.527178             1        2.078063            
-10.552477           1.94633              1        0.573993            
-19.452374           -18.162332           1        0.429484            
-6.921965            16.495344            1        2.136588            
14.863274            -9.976135            1        20.232596           
12.219181            -16.423214           1        1.700094            
17.748502            8.83698              1        0.667802            
7.621134             7.614747             1        1.229919            
-6.193481            3.843591             1        2.194093            
7.604968             -13.383516           1        2.195625            
-11.784545           9.967076             1        0.726761            
-6.054147            4.396523             1        1.39528             
7.582516             12.763296            1        1.559318            
-19.00857            18.649334            1        46.62409            
-16.255638           16.619327            1        0.802098            
16.626102            -5.299332            1        1.507558            
-12.082959           -2.564296            1        1.945632            
-16.311507           3.419439             1        0.346397            
-17.570235           -13.04483            1        1.009559            
-19.465028           15.661116            1        1.406267            
11.404879            -12.973174           1        1.073004            
-12.229109           -17.732532           1        0.781809            
-11.117228           1.390138             1        48.709873           
2.880234             -15.655853           1        1.836127            
3.246357             7.19172              1        1.561522            
-16.80517            -11.918804           1        0.236059            
-7.354791            -8.200001            1        1.027016            
0.163877             -13.43945            1        0.438017            
9.809318             -6.144555            1        0.278424            
-4.143224            19.150461            1        0.587909            
-13.84643            19.177871            1        55.381525           
-0.157881            3.90746              1        2.187525            
9.295273             -2.922864            1        0.853953            
15.169406            0.01894              1        0.691894            
-7.819203            11.747823            1        1.664865            
17.057466            -0.381736            1        47.989572           
-14.696283           4.599145             1        1.282362            
-0.336001            4.374862             1        3.491556            
16.361477            -14.081002           1        23.604749           
14.620947            1.655525             1        2.025568            
-1.269465            2.507937             1        0.355879            
2.199995             9.468833             1        1.838146            
5.019858             -0.162308            1        58.607496           
10.863817            -2.731798            1        0.633537            
6.926982             18.013201            1        1.099298            
-8.479513            -0.377044            1        1.117396            
-9.51322             -6.638843            1        1.447143            
-13.846304           11.756685            1        0.66279             
15.29377             3.707613             1        46.15304            
-18.323121           12.088958            1        11.898438           
11.257966            -4.378999            1        1.078249            
-15.649596           -7.769848            1        0.948627            
8.422759             -15.436566           1        0.764769            
17.676469            7.832672             1        59.319432           
0.320459             -1.031122            1        27.776567           
16.634806            13.696702            1        1.972351            
-17.942342           -17.136661           1        2.042122            
4.17802              14.783844            1        1.117254            
-7.163396            6.391817             1        30.341118           
-16.771458           -19.216616           1        0.412258            
-18.598734           13.10584             1        1.429201            
9.748522             -10.639776           1        55.973131           
-7.592594            0.348329             1        1.862315            
-3.609212            18.438709            1        1.121017            
14.669471            11.757157            1        1.32686             
1.998212             -5.091527            1        1.866579            
3.384856             -14.031022           1        1.942675            
-12.993484           -18.879748           1        7.811457            
6.736317             -1.570891            1        5.998338            
-11.638679           13.281853            1        2.000598            
-16.719213           -9.312761            1        0.941808            
6.306516             5.805912             1        1.809678            
17.974506            4.680838             1        54.384812           
-11.023128           -13.144179           1        0.838004            
17.598078            -0.177372            1        0.461334            
2.520654             -14.368806           1        2.015492            
15.707984            -0.112538            1        1.26972             
-3.61265             -15.051924           1        0.971209            
8.19774              -6.245876            1        1.579384            
-1.375619            19.671502            1        0.847279            
19.102516            -4.626068            1        0.453691            
11.422633            8.332994             1        0.741538            
1.263385             9.930714             1        0.610749            
3.986117             -18.741455           1        0.752596            
16.549661            -17.612867           1        50.09856            
17.170865            9.353678             1        1.323799            
-0.464022            18.34216             1        1.124673            
2.178936             -4.506963            1        23.645657           
-14.548641           -4.826522            1        52.480311           
14.832583            -18.312141           1        1.689234            
-17.009696           18.423875            1        22.478435           
-0.465905            6.637123             1        1.399629            
-0.841735            -18.949967           1        1.565695            
16.009879            1.426235             1        1.59314             
-15.261828           -5.927065            1        0.529874            
-6.738626            6.988053             1        18.703862           
3.95722              19.092339            1        1.763302            
8.421645             -12.893729           1        24.047387           
-8.841996            -7.824856            1        1.514952            
1.024088             17.083778            1        24.521029           
1.430793             11.298314            1        0.657661            
-19.644991           10.326775            1        0.600634            
-3.773872            -11.413709           1        1.034523            
-0.519643            6.923216             1        0.801026            
16.593183            -10.463463           1        1.517387            
-17.719168           7.461569             1        0.508289            
-7.27646             -14.542458           1        2.225429            
-8.093151            -12.776553           1        1.53918             
11.845671            -0.811815            1        0.347589            
-19.741279           -19.790163           1        0.259351            
12.536814            -8.968955            1        0.434195            
12.179967            -6.663258            1        0.697277            
-7.02382             1.947786             1        1.997904            
-13.710103           7.913969             1        1.524457            
5.207251             -15.750822           1        44.661817           
-19.480023           -12.415734           1        1.891975            
-11.309325           16.98379             1        0.695786            
11.849427            -11.39369            1        1.250118            
-7.237118            -19.614901           1        2.215591            
-18.722806           1.710409             1        1.284373            
-13.37531            -1.656094            1        1.953163            
19.696385            -5.943607            1        1.972244            
16.37703             7.019202             1        0.585128            
15.455549            16.572252            1        1.139929            
6.524401             8.080431             1        2.205882            
2.015296             -8.880394            1        0.638114            
-2.553968            -14.353914           1        2.150108            
15.423889            2.721683             1        1.158683            
13.721494            -9.977017            1        0.34445             
16.315639            -17.109757           1        1.643823            
6.226872             -15.637103           1        1.258197            
-2.987199            -4.633269            1        1.783597            
9.302306             1.876249             1        1.935923            
-9.799975            -13.891642           1        1.055983            
-2.61621             17.109841            1        40.574249           
19.040185            0.724553             1        45.721971           
6.659723             -15.053981           1        30.75572            
11.600726            -11.850075           1        0.63967             
-16.668909           16.146703            1        29.810465           
2.821628             13.266206            1        0.780939            
13.30723             4.96864              1        2.061212            
19.634666            -9.579388            1        1.360224            
1.509922             -10.325259           1        0.796729            
-4.959631            6.051188             1        2.096639            
11.886938            -1.263804            1        0.609432            
3.069137             -17.915772           1        37.073364           
-2.464643            9.121277             1        37.44162            
-12.468805           9.97908              1        26.222171           
-10.733943           0.210384             1        38.354917           
18.281249            -3.128821            1        0.888723            
-6.400268            18.003424            1        2.065887            
-7.901847            4.568721             1        2.166597            
-18.167319           13.576016            1        23.232412           
-14.624082           16.543716            1        19.133346           
-18.743778           8.099407             1        0.410641            
9.597879             6.730874             1        0.607654            
-14.946474           -17.024056           1        0.520915            
14.003289            8.548716             1        0.615921            
18.09123             4.495546             1        0.952071            
-13.461137           -17.619634           1        1.573907            
-0.635352            -8.251061            1        1.755819            
15.385358            13.807235            1        2.146913            
16.308121            16.963382            1        0.322896            
5.661265             14.857828            1        54.067398           
-19.798215           -4.235007            1        1.877061            
7.533178             3.963628             1        0.212453            
-6.021768            13.069123            1        34.597767           
-6.247611            -1.572079            1        1.904529            
-3.233433            13.659193            1        19.007693           
-13.372139           -10.672098           1        2.097043            
-0.365125            12.875827            1        1.696999            
-8.055805            -11.091763           1        1.365202            
19.284877            -14.524859           1        1.068532            
-0.962544            -6.193083            1        0.778666            
0.885229             4.046758             1        0.842227            
-19.922139           0.329229             1        4.381785            
-19.228366           16.797827            1        0.707878            
-2.443642            6.179532             1        1.833389            
12.813525            18.466676            1        22.117483           
-11.875999           -2.459291            1        1.349335            
-18.837029           9.460571             1        1.756734            
-4.238631            7.074456             1        1.968984            
1.844308             2.688679             1        0.812696            
5.078893             6.458978             1        1.501854            
14.508855            -6.367343            1        33.497002           
-13.027154           0.380988             1        0.258054            
13.255947            3.384918             1        2.078619            
-4.229097            -11.119991           1        0.585535            
13.487822            15.896559            1        0.404565            
-4.19339             7.262962             1        2.144862            
8.367755             -17.564668           1        0.571458            
-11.232352           9.375805             1        1.304305            
-7.60593             -6.614155            1        2.264393            
10.756077            -13.529244           1        28.434569           
-1.617404            -16.396858           1        1.05599             
-18.369865           12.992998            1        17.771845           
-0.868374            -2.098624            1        0.553123            
0.214882             -1.202172            1        2.149215            
-16.10268            -12.315953           1        2.157466            
-12.450207           -12.242253           1        1.865102            
-14.857677           -8.086412            1        0.466177            
-9.177777            -12.730347           1        2.070545            
19.327975            15.553879            1        20.625938           
-19.362562           -7.531379            1        53.790175           
-15.472398           -16.472223           1        1.378324            
16.74344             19.388198            1        54.719767           
-10.118336           14.595718            1        31.614335           
9.577849             -2.814049            1        0.909866            
7.906751             -2.356155            1        1.279037            
-17.453226           4.380976             1        23.790374           
1.83025              16.722669            1        1.372956            
-9.263562            3.462835             1        36.635685           
15.186184            -11.577462           1        0.963034            
13.151431            -6.042799            1        0.307623            
16.645151            -6.837628            1        0.551183            
-14.756564           -18.249883           1        0.482086            
4.179093             -17.768756           1        1.143809            
-0.324465            -17.655001           1        0.350598            
-0.486139            -3.406318            1        2.015344            
-18.61121            -14.90394            1        0.71362             
-16.011492           17.310115            1        0.330252            
15.889505            9.512492             1        0.210563            
-3.409782            16.417606            1        1.198256            
-5.098001            17.391755            1        2.188496            
-3.657903            9.736927             1        1.140388            
-3.102518            5.891247             1        1.989754            
-19.959121           -4.868474            1        1.969973            
-14.781062           -12.348667           1        55.228867           
15.927246            4.465346             1        1.108925            
3.992034             3.6566               1        43.979237           
3.899659             -0.288005            1        0.590372            
-6.247798            15.571218            1        0.597338            
-15.346391           -12.711127           1        2.100696            
19.289409            0.599072             1        57.869505           
14.721483            6.902197             1        0.270736            
13.13423             0.900603             1        1.167556            
6.728944             12.734904            1        0.866616            
5.436296             3.419804             1        0.961366            
-19.333223           -3.428578            1        1.889867            
8.128013             -12.034302           1        1.443097            
-17.28473            1.260838             1        55.150919           
5.724093             -8.713908            1        0.356851            
12.215571            -13.146459           1        1.678466            
9.113445             -15.751101           1        0.964245            
-2.89544             -7.755852            1        0.200272            
-9.114017            12.306876            1        2.032159            
16.303776            -18.362076           1        0.618837            
-0.880744            -10.158644           1        1.714956            
-18.453963           -5.974402            1        1.692182            
18.77777             -10.818839           1        43.206879           
-12.866939           9.654239             1        1.835558            
-11.035602           -15.024302           1        0.22252             
13.148633            4.903276             1        0.755809            
18.20893             -13.411718           1        0.910492            
-9.405103            11.700531            1        1.856042            
5.98334              -9.789771            1        2.25618             
-7.453011            -14.549099           1        0.556087            
7.07449              19.581101            1        2.035717            
16.406465            14.990816            1        50.573791           
-17.896231           13.488532            1        1.31804             
12.157709            17.427407            1        2.035594            
13.303666            0.581752             1        1.665319            
-0.969509            3.73268              1        2.093297            
-16.149261           -18.491706           1        20.059111           
-16.520803           11.382174            1        1.340433            
-16.365476           8.956672             1        1.521477            
9.779779             -19.829719           1        0.917056            
4.666146             -9.974401            1        1.670285            
16.578632            -19.854166           1        17.353883           
2.131604             9.153055             1        0.280613            
15.33285             19.018953            1        20.508576           
11.119226            -1.967614            1        0.822017            
-10.548239           2.51748              1        0.48678             
-6.129742            2.065581             1        1.76664             
18.180911            12.412313            1        0.873775            
-17.783133           -8.171327            1        50.496629           
-16.503348           -13.998597           1        1.354181            
-19.211515           14.707278            1        1.180557            
-19.923265           10.313819            1        0.761185            
10.576123            4.902582             1        1.105623            
-12.294432           -1.494105            1        1.226707            
-18.478288           -6.490086            1        1.533626            
9.458172             4.767733             1        1.873886            
-2.622578            9.235285             1        0.812337            
10.718993            -10.415112           1        2.249384            
-5.471199            16.058962            1        1.506989            
13.891714            17.175812            1        0.849484            
18.476655            6.489738             1        18.197458           
-5.561523            10.991539            1        1.572976            
-2.67316             -7.032409            1        0.97912             
-5.049552            -8.954551            1        1.609757            
-9.21654             -11.627663           1        1.398367            
16.991375            11.71859             1        1.354382            
12.596991            -2.750267            1        45.189077           
2.465065             -1.010508            1        1.430051            
-5.633349            -12.122887           1        1.550327            
-2.48428             -9.128485            1        6.388969            
7.30587              -1.447579            1        57.907936           
-5.437996            13.30265             1        2.213834            
-13.051129           5.637491             1        1.868072            
13.741864            -14.549865           1        2.269976            
-6.6772              0.780117             1        0.963625            
-14.454579           -1.590203            1        37.956897           
1.413324             8.674656             1        58.832317           
14.729623            -0.086678            1        1.258272            
-11.202239           13.674496            1        42.595056           
3.071129             18.246956            1        0.40208             
-17.577217           9.206122             1        1.880731            
-6.996971            2.290995             1        6.794099            
2.913915             14.927302            1        25.482684           
16.803832            -0.015431            1        2.243022            
7.926342             -12.903765           1        1.928618            
-3.631282            8.151181             1        1.205138            
-5.406649            2.915113             1        2.249695            
-18.674795           9.920665             1        1.42883             
-3.074957            14.842465            1        0.501264            
-17.582602           -9.080283            1        1.316454            
17.881532            -5.689496            1        0.938799            
13.793682            6.581825             1        1.984215            
-6.475427            -10.197548           1        1.314953            
19.394431            0.807501             1        0.55842             
-0.931067            -0.803119            1        1.756066            
13.235477            1.660816             1        0.978307            
2.238422             17.920361            1        0.681756            
3.94348              3.649616             1        2.234835            
1.246803             12.404751            1        1.744106            
-7.647437            -12.707404           1        1.843901            
14.223352            -11.864561           1        1.719685            
-7.55889             15.103372            1        0.604083            
0.00395              -0.703497            1        5.396423            
-9.877331            7.616506             1        0.353563            
2.906364             -8.672306            1        1.1895              
-0.561056            -2.859771            1        1.244226            
-5.086026            8.394589             1        1.765782            
3.387078             12.136643            1        0.541591            
2.702222             -16.691449           1        44.645953           
14.05915             17.342671            1        1.213519            
4.52906              -4.648734            1        1.384982            
-4.206282            -8.666068            1        43.633607           
9.670122             -2.722164            1        1.935948            
7.53078              19.537499            1        1.381488            
8.05956              19.293692            1        0.550004            
9.314872             -18.959552           1        1.63459             
-7.45061             -9.313342            1        0.384419            
-3.187604            -0.174943            1        38.372691           
18.554136            13.68897             1        0.86415             
16.61514             -9.672862            1        0.801254            
-11.404443           18.756854            1        1.407647            
3.407329             11.195589            1        1.852719            
19.706178            -9.869399            1        25.592036           
-8.037371            1.172766             1        0.779408            
3.717632             -9.266672            1        1.809984            
-14.701163           -4.755896            1        1.048161            
8.025465             3.643295             1        0.28801             
-15.955493           2.824231             1        0.498888            
-4.348893            9.416874             1        27.039674           
14.487336            -7.305906            1        24.125321           
4.53422              -0.945442            1        49.870025           
13.863202            0.807778             1        58.339501           
-2.063962            -5.359002            1        52.365392           
2.885333             -14.962776           1        1.29156             
12.089604            -3.897444            1        0.599382            
-9.227357            2.498571             1        57.487257           
8.586086             17.046324            1        4.442851            
-1.365097            15.999933            1        28.303062           
-5.967166            -17.634751           1        2.063465            
9.864558             -5.611194            1        22.181769           
-11.96115            -7.465749            1        1.312893            
-15.552668           -10.642105           1        42.407476           
-15.580828           -19.943739           1        0.810544            
-1.668883            -14.231976           1        0.837132            
-5.710098            11.74391             1        1.993046            
4.166542             7.46539              1        1.530269            
-7.408723            -14.627584           1        1.283201            
10.397248            -5.219638            1        15.142707           
-15.274729           -7.856244            1        1.234442            
-10.009134           0.645009             1        0.515014            
-8.800694            -16.953308           1        2.107558            
-2.811966            14.13643             1        42.860843           
-2.942981            -7.435726            1        28.874429           
-2.468736            13.890195            1        1.386155            
6.560926             4.958008             1        1.17884             
7.839341             -9.46929             1        23.908713           
-6.585413            7.449704             1        16.142673           
7.350346             8.331601             1        1.969705            
-19.723312           9.439917             1        2.065873            
-9.406348            5.671011             1        0.31897             
-17.691948           16.790952            1        35.337141           
5.630022             8.377389             1        0.528511            
4.829235             13.44121             1        0.777415            
-5.169686            9.40343              1        1.938346            
-4.284223            11.134393            1        1.85567             
11.492975            10.540961            1        0.814338            
-13.224062           4.340216             1        0.324058            
4.510896             10.231074            1        1.098283            
19.383977            -4.008302            1        1.3659              
10.636631            -19.238236           1        1.141657            
-14.35315            0.53215              1        1.893062            
-0.023157            17.269369            1        0.286091            
16.035864            -15.768983           1        1.65021             
-11.938469           12.077604            1        0.714392            
-9.288875            -4.369979            1        0.239977            
12.74493             -16.970345           1        1.285335            
5.803601             -5.121657            1        57.1568             
-11.158121           1.672881             1        0.6431              
-10.070752           9.486309             1        21.776026           
-8.13582             17.150799            1        33.801942           
3.352754             -15.175503           1        0.553803            
0.488747             -3.695895            1        1.293815            
7.742243             -1.061016            1        0.47597             
-9.207612            13.730688            1        26.646803           
-14.541976           -8.165705            1        1.21767             
-19.704766           15.441045            1        1.770848            
-16.546192           -2.108809            1        2.192933            
-0.692122            -9.608926            1        0.755643            
3.3169               10.140449            1        0.604884            
19.400198            -19.4011             1        0.427389            
14.556382            -19.984227           1        2.115523            
16.038388            1.548688             1        1.410667            
-9.613217            16.131414            1        0.506898            
7.566927             3.141817             1        4.507876            
-15.905056           18.695763            1        1.568655            
10.090817            18.146962            1        54.503903           
4.593598             -11.721902           1        0.365637            
-8.327595            -1.793299            1        24.256247           
9.091699             15.84396             1        2.090883            
13.379641            7.740367             1        0.617393            
-13.042279           0.840969             1        1.117108            
-1.66481             -1.018149            1        1.127891            
-17.596825           11.831072            1        0.264361            
-13.697628           -19.727891           1        1.167193            
8.653345             16.640803            1        0.780586            
-6.27656             17.248611            1        1.317444            
13.999107            9.593849             1        1.383926            
16.594394            6.117387             1        7.626814            
12.152312            5.249827             1        0.881363            
7.150039             -3.148168            1        43.45573            
9.429229             -18.452405           1        1.205253            
-11.725282           -14.332975           1        1.360667            
7.688918             5.17912              1        0.338187            
8.693762             8.880552             1        57.445344           
-9.526434            12.151023            1        38.26817            
4.998134             7.941521             1        0.407952            
2.532683             14.697574            1        0.221518            
-7.858045            -5.565645            1        2.053197            
-2.478534            -12.18766            1        1.208587            
-8.651942            7.637437             1        1.879143            
-9.920811            -10.39453            1        17.083077           
-2.952562            11.067465            1        2.198248            
-0.751488            -2.297009            1        2.051906            
3.791167             13.097044            1        9.737148            
14.610861            9.347842             1        5.284171            
9.959842             -11.876804           1        2.099497            
10.976506            17.337142            1        2.034606            
-4.353573            -11.488068           1        0.320239            
-0.167561            2.125817             1        1.334263            
14.605591            4.290756             1        1.745099            
9.888197             -12.203348           1        1.50904             
12.392498            17.170172            1        0.259702            
8.352649             -5.44129             1        31.347713           
-12.951344           -18.645584           1        0.929133            
-12.194868           17.394865            1        1.128407            
-6.675933            -18.721767           1        1.014191            
7.061766             5.436563             1        0.629498            
12.158294            -9.753717            1        1.947874            
4.4245               15.966354            1        2.193829            
14.125934            -7.377433            1        1.459838            
11.292971            -11.485364           1        1.742789            
-15.826442           -10.005464           1        2.099646            
-10.477303           0.215371             1        0.425799            
-19.205548           19.698355            1        13.835833           
-14.306815           -0.321608            1        0.655022            
10.475413            -10.169939           1        2.285931            
4.502048             14.090941            1        0.76433             
8.614101             -17.76343            1        1.017715            
5.720901             -5.572403            1        24.90846            
-17.27196            18.948624            1        0.258599            
-9.958849            19.102124            1        0.857086            
6.224469             1.404731             1        1.699233            
-5.997604            -6.576193            1        1.575602            
11.210782            8.070643             1        0.90427             
-14.028013           -11.141567           1        0.451821            
-12.811006           -12.644694           1        50.474219           
-7.215642            -2.900623            1        1.643444            
-5.162759            -1.035982            1        1.074562            
14.087961            -17.904898           1        0.681107            
9.6429               6.773628             1        1.723555            
-14.55144            1.283706             1        1.703355            
-13.078214           13.700376            1        1.270041            
-9.331142            18.203694            1        1.548005            
17.951365            -1.279464            1        2.094976            
