trucks_count 15
drones_count 15
customers 1000
depot 0 0
Coordinate X         Coordinate Y         Dronable Demand
-4.897174            -0.373459            1        0.29255             
-3.423787            2.815414             1        1.56758             
2.612481             3.460472             1        1.66233             
-2.707188            0.830286             1        1.353278            
-0.706732            -2.488469            1        1.811425            
-1.57299             -0.803471            1        0.560798            
-1.793719            -2.759536            1        50.260419           
-2.797555            0.820533             1        0.897533            
-0.269134            2.080513             1        0.777757            
-2.097216            0.638267             1        0.275027            
-1.307661            -3.076111            1        2.250385            
-2.626962            -2.682241            1        1.493699            
4.63667              -4.849333            1        1.511769            
4.791751             1.726608             1        0.88222             
4.228168             0.890268             1        1.452678            
1.964419             3.104659             1        1.314239            
-2.469252            -1.991224            1        2.107011            
4.646321             4.477071             1        1.657569            
4.754846             -1.862552            1        1.990625            
1.206245             -2.143062            1        1.568068            
-1.71358             -0.019532            1        14.460315           
-3.188499            0.45514              1        1.122413            
-4.510204            -1.213158            1        7.074499            
-1.386762            0.494624             1        1.948017            
0.042134             2.862578             1        0.309225            
0.741243             1.113681             1        2.212131            
2.914932             -2.987297            1        1.747251            
-1.2118              0.801931             1        0.308586            
3.717982             -2.048191            1        0.299837            
-3.642608            0.459636             1        1.856484            
0.854052             3.810947             1        1.261664            
-4.237159            0.137198             1        48.31497            
1.373449             -4.760447            1        2.053259            
1.981149             -1.133941            1        0.252255            
3.252837             -0.164501            1        0.471527            
3.161932             -1.364474            1        1.809712            
1.724881             0.023628             1        2.205753            
0.980743             -1.00922             1        1.136232            
2.05293              -3.94599             1        1.524851            
-4.550498            1.759287             1        1.78341             
-4.479211            4.281008             1        1.083466            
-0.413188            -4.732514            1        54.74014            
-4.50417             4.936045             1        2.063516            
-3.643958            4.880256             1        1.933473            
3.983293             4.327009             1        0.664373            
-0.835572            0.086729             1        0.536487            
-1.491615            -4.705433            1        6.62098             
4.93392              0.753653             1        0.798611            
3.367674             -0.963639            1        0.608518            
3.389973             -0.752386            1        0.876142            
1.115786             -1.250506            1        0.418788            
-1.783074            -1.496652            1        1.931135            
-1.026259            2.601133             1        0.612008            
1.217869             -2.322602            1        0.450039            
0.93058              0.425413             1        2.099764            
-1.639351            -2.999459            1        0.702804            
-1.576675            -0.336404            1        32.714777           
-0.352663            3.055975             1        1.262375            
-0.003195            3.528057             1        3.017099            
-2.587079            4.532038             1        1.766478            
-4.648331            -2.512898            1        1.149824            
-4.328319            3.415487             1        0.815447            
-0.494729            -3.930455            1        7.338353            
0.091188             1.404316             1        0.474406            
0.759823             -0.131525            1        2.207219            
-1.804973            -0.558954            1        31.890168           
-4.397066            -3.283851            1        0.918618            
1.528215             -2.337451            1        1.841646            
2.968697             2.034714             1        0.287068            
-0.650897            -0.050862            1        57.755439           
-4.574413            1.357196             1        0.831608            
2.609576             2.57875              1        2.220997            
0.386876             -0.708135            1        1.371596            
-2.860998            0.12221              1        6.709792            
-2.204908            1.387096             1        8.592446            
-3.076446            1.939059             1        1.923885            
0.24353              -0.345285            1        1.768787            
0.460311             -2.675694            1        27.878887           
2.006807             2.960837             1        0.441705            
1.603914             0.516228             1        36.36509            
4.651439             2.446439             1        0.434513            
2.72723              -4.352329            1        0.209998            
-0.501137            -2.46506             1        0.406882            
-4.635141            3.833522             1        20.550924           
-0.809652            -2.312648            1        1.964121            
2.272045             0.835131             1        0.908546            
-2.002825            2.70767              1        1.973018            
-4.817842            -3.358128            1        0.402546            
3.101299             -4.024773            1        0.534583            
4.574902             1.801045             1        1.234081            
1.753841             3.876628             1        0.530128            
-4.851979            -1.355377            1        2.147228            
0.639766             -1.812048            1        52.495572           
3.808852             -1.201368            1        20.36767            
-3.625523            -2.298099            1        52.748677           
-2.805939            4.433112             1        1.185913            
-4.948077            3.855868             1        1.572027            
4.365325             -4.519505            1        1.71862             
-1.362873            -2.744521            1        1.923183            
3.697857             0.31102              1        1.258446            
2.855934             4.432786             1        0.633352            
4.221418             -1.056491            1        0.462639            
-1.362799            1.533853             1        0.966334            
-2.92408             -2.421995            1        0.713318            
-2.130982            -0.679627            1        0.526079            
3.969368             3.734458             1        0.412113            
0.060533             -2.422644            1        1.681945            
3.177561             4.718864             1        0.444344            
0.692735             1.496077             1        1.80344             
-4.291792            -0.858021            1        22.416594           
0.675465             4.453678             1        1.167577            
0.050094             -1.891959            1        1.242582            
-1.585853            2.813657             1        1.804223            
0.631803             -2.210218            1        2.107796            
1.294002             -0.989382            1        0.472199            
4.077361             -4.69705             1        1.954774            
-3.973314            1.560277             1        0.31627             
4.705067             -0.231488            1        0.559482            
-0.189947            -3.194383            1        1.19669             
1.6426               4.654187             1        0.475415            
3.790339             -1.531009            1        3.030827            
3.371801             -4.37787             1        1.569106            
1.987746             2.485462             1        25.712442           
-3.93937             -3.206146            1        0.972687            
1.82243              2.866042             1        1.418819            
-1.76706             -3.510238            1        1.92972             
-4.256195            2.097075             1        1.55403             
-3.928944            -3.916168            1        1.619342            
3.929571             -0.399212            1        1.377395            
-2.324526            0.270844             1        0.674171            
1.738479             2.467068             1        0.326137            
3.553557             0.995752             1        2.12491             
-0.238403            -1.731517            1        1.517884            
1.443195             -4.525508            1        0.509435            
-4.180067            0.949617             1        48.240183           
1.170693             -0.443538            1        51.790797           
-3.405534            -2.319385            1        0.511771            
1.554116             1.625942             1        1.170499            
3.083544             2.796584             1        1.435013            
1.759035             0.620062             1        34.930772           
0.21565              -3.9591              1        0.585828            
-0.649877            -3.345032            1        1.106153            
0.878748             0.693277             1        19.914998           
3.819133             3.190315             1        1.062227            
3.409071             2.389448             1        1.06935             
1.665172             4.506552             1        0.94202             
-2.137246            2.574302             1        1.685326            
-1.216647            0.112729             1        1.582778            
-0.286779            -0.189598            1        1.399011            
4.177296             0.429901             1        1.986394            
2.705334             -2.505204            1        2.239472            
3.903542             2.416094             1        2.236505            
4.236056             -3.113618            1        40.321112           
-3.08485             -2.097428            1        1.742091            
1.852744             -4.405363            1        0.928902            
-0.366268            -0.693737            1        1.504345            
-1.378041            3.602264             1        0.224975            
-1.414784            3.446286             1        0.289879            
-2.559006            -1.743663            1        0.263378            
2.118818             -1.140972            1        1.238291            
1.743069             2.132156             1        1.934454            
3.352538             -3.644985            1        2.211138            
-1.894918            1.37885              1        44.485408           
-2.837911            2.076774             1        9.608158            
3.353142             -3.531096            1        1.678492            
0.661887             -2.512896            1        0.700441            
-4.896765            -3.865967            1        54.977372           
3.092386             -0.456869            1        2.003443            
-2.769723            1.719582             1        35.889659           
1.7213               -2.216677            1        2.256668            
4.567909             0.885983             1        2.205311            
2.092606             -2.523912            1        1.393482            
-1.26837             0.654747             1        1.194304            
-3.545848            0.213674             1        0.230404            
-3.352959            3.485215             1        1.461324            
2.315302             -0.782147            1        0.627949            
2.87639              0.336985             1        0.210972            
-1.80824             3.714855             1        0.49876             
-0.447345            -2.273392            1        1.305055            
-1.050954            0.463075             1        1.759331            
-2.096138            4.757302             1        24.912392           
2.490428             -1.108974            1        51.490782           
-3.910303            -1.307132            1        1.79383             
-1.702863            -2.808832            1        1.585278            
-4.579693            -3.810098            1        1.641968            
-2.85796             4.098425             1        57.960005           
-4.78738             3.313872             1        10.513961           
1.7287               4.604458             1        1.686874            
2.1605               2.582621             1        1.530672            
4.129941             -4.013889            1        0.374524            
2.81715              -0.334093            1        0.889085            
-2.964513            -1.854119            1        1.766952            
-1.153813            4.622398             1        1.370157            
-0.665743            4.928913             1        1.706177            
2.21097              -3.97636             1        0.771491            
3.254657             -2.305491            1        1.210251            
-0.86289             -3.19163             1        0.704781            
1.116655             -1.026581            1        8.962384            
1.195977             -2.665101            1        0.544555            
1.735605             -3.972418            1        28.954846           
-4.366465            -3.069987            1        25.729708           
-0.265516            -0.477338            1        0.535202            
2.032942             -2.424703            1        0.915394            
2.74216              3.811538             1        55.508366           
-2.324252            -3.402498            1        57.71501            
0.763389             2.157682             1        1.662644            
-3.768848            -2.983082            1        1.196514            
3.309348             -4.446127            1        1.449335            
-3.082606            -0.020215            1        43.294137           
0.922465             3.562671             1        17.075974           
3.922506             4.823276             1        1.379541            
3.483775             -4.697706            1        0.498923            
-2.885485            -2.199468            1        56.13865            
4.804788             0.388618             1        0.405873            
-1.810403            0.876228             1        1.261692            
0.939847             0.182667             1        1.218696            
-0.686252            0.60107              1        41.811817           
0.052584             -3.18252             1        0.556383            
3.509715             4.468804             1        1.620149            
2.092427             -1.813256            1        0.847017            
-0.753341            0.990993             1        0.65866             
2.416541             -0.018502            1        1.670315            
-3.150769            1.170388             1        2.162646            
1.955838             1.313205             1        0.495194            
2.540326             0.280313             1        1.941724            
0.292937             1.441367             1        50.767059           
-2.681783            2.684053             1        1.942564            
-3.130029            0.515914             1        0.365832            
-1.789427            -0.713119            1        1.686753            
-3.760214            3.936421             1        1.321521            
1.555438             0.551866             1        0.240311            
0.443039             4.215906             1        1.882811            
2.613094             4.47309              1        1.101376            
-2.544475            2.9899               1        4.232972            
1.482715             4.643452             1        1.992093            
3.650887             2.553664             1        0.575181            
-2.458412            4.898512             1        0.639762            
-2.607969            1.834096             1        8.144478            
1.695505             0.741662             1        1.973573            
-3.678698            2.562521             1        1.659442            
2.168357             4.380698             1        0.361183            
1.688845             -3.36425             1        1.270402            
-2.168929            -1.122831            1        1.546799            
4.8942               2.246017             1        1.825541            
-1.02314             1.866404             1        0.936214            
-4.804261            4.291541             1        2.126908            
1.991622             3.787376             1        1.06056             
-0.00497             1.329199             1        1.119253            
0.226942             -3.708613            1        1.761132            
0.678329             1.073674             1        1.712784            
-1.960954            -1.496133            1        0.226801            
-0.434366            2.819862             1        50.538783           
4.872035             -0.317199            1        1.673468            
-4.950852            3.222107             1        0.232075            
-3.638034            1.611024             1        0.228148            
-0.133867            2.174007             1        8.370299            
-1.695415            -0.815046            1        1.439788            
2.176653             0.993572             1        1.020666            
2.993031             4.547685             1        0.994915            
-1.188231            -3.025739            1        2.165608            
-1.45787             -4.954406            1        1.199642            
-0.939394            1.889371             1        36.296274           
2.842472             -2.87383             1        0.643029            
-3.587304            4.18369              1        2.041739            
-3.568179            1.823874             1        1.188273            
-4.258956            -3.564779            1        0.885974            
-2.564917            -0.215967            1        2.126273            
4.067408             3.55824              1        1.568224            
2.313592             3.500263             1        2.801731            
-1.094837            1.83633              1        2.136415            
-1.08867             -0.561586            1        1.934824            
4.732636             3.560425             1        0.463266            
4.58798              -0.183182            1        0.868889            
-1.814824            2.52251              1        0.979974            
2.465598             4.653943             1        7.103617            
-0.865953            0.876381             1        0.956367            
4.304926             4.792241             1        2.091901            
-4.012089            2.974303             1        0.754082            
-0.109886            0.321547             1        1.886112            
-4.722878            -2.509753            1        18.524262           
4.116891             -1.3225              1        1.811102            
-3.214848            -0.857442            1        0.548551            
2.255948             -4.641072            1        2.029208            
-3.732005            2.477689             1        0.709594            
-1.220092            3.522545             1        0.372976            
0.276206             -3.252752            1        1.648436            
-3.37866             1.755852             1        0.647818            
-0.938136            4.050399             1        0.645139            
-0.919863            -2.320532            1        2.044988            
2.937562             1.299946             1        1.708355            
-2.672894            0.348267             1        0.273165            
4.205089             -4.013182            1        0.624423            
-1.809858            1.968311             1        1.311872            
-0.842232            3.604658             1        1.905017            
4.259071             4.117799             1        58.721014           
2.822584             -0.365004            1        1.536639            
-1.069136            4.620994             1        0.392263            
-2.832855            -0.177906            1        0.318569            
-3.206646            -4.62187             1        0.946393            
-2.538309            3.31665              1        27.470047           
0.244852             4.657185             1        0.251782            
-2.264452            -4.908876            1        0.287547            
-0.705446            2.226202             1        1.469647            
-1.152281            -4.128317            1        2.217973            
-0.950482            -0.174985            1        4.049486            
-2.729667            0.024633             1        1.440066            
-4.202755            -1.598656            1        1.497989            
-0.768737            1.321258             1        2.026053            
2.134397             -1.832384            1        2.185298            
4.628568             -0.646396            1        0.659476            
-0.334889            1.906613             1        38.482372           
1.364146             -2.822664            1        0.359496            
-1.130236            3.607367             1        1.079688            
-2.772691            4.336104             1        0.695675            
-4.541795            1.175407             1        1.990205            
-1.702935            3.547832             1        0.200095            
4.240313             2.920791             1        1.84636             
4.235715             -2.647885            1        34.642415           
-0.531896            -0.867579            1        2.018395            
-3.564115            -1.288872            1        1.069668            
3.486668             4.491138             1        0.609869            
-2.736719            -2.852357            1        1.180558            
0.617694             -3.864755            1        3.951881            
4.358898             1.830773             1        2.031915            
-0.277509            -2.891753            1        0.599494            
-2.596556            0.427558             1        1.648065            
0.243952             -0.905426            1        1.000486            
3.161155             2.828481             1        0.460957            
3.65829              4.78205              1        41.104408           
-1.1417              2.200157             1        25.203421           
-1.605568            4.122499             1        1.983083            
2.322333             0.411444             1        1.144466            
-0.051547            -0.548154            1        43.771404           
0.938618             1.381123             1        1.001903            
3.181027             0.892152             1        1.316612            
-0.309695            3.279192             1        0.95546             
1.99209              4.842795             1        0.812845            
-4.784191            1.879769             1        0.970127            
-3.567258            -0.736642            1        6.419359            
4.357855             -4.228716            1        2.262823            
1.056997             -2.184567            1        41.004988           
2.771146             4.2291               1        0.763616            
-4.344525            -2.032677            1        0.404204            
0.520791             -0.71977             1        1.03324             
-2.889543            2.349648             1        2.172069            
-1.887817            3.981091             1        34.294887           
-3.727677            3.302897             1        0.663925            
4.041144             2.052939             1        0.734447            
-2.456299            0.237705             1        1.706006            
-4.803662            0.963826             1        2.025768            
-1.998446            -0.2153              1        1.610539            
3.720582             -4.421733            1        1.378198            
2.184835             4.729219             1        0.933271            
-1.838589            0.378125             1        0.293803            
-3.276985            -3.852378            1        40.535388           
-2.058577            -2.338237            1        1.775388            
-3.007235            -4.105042            1        0.731898            
-4.140983            4.409586             1        1.529881            
-2.278778            0.972589             1        0.925639            
-4.90098             -4.169318            1        1.302059            
2.76764              2.302716             1        0.738675            
4.586466             -2.829885            1        3.660461            
1.969075             3.777235             1        0.997401            
1.55919              -4.001469            1        47.898981           
-2.617537            4.948153             1        0.236183            
-1.553059            -3.73418             1        2.200495            
-0.103234            3.547614             1        0.93427             
2.177771             1.101729             1        38.409725           
4.497473             1.393421             1        0.874852            
4.953838             4.711418             1        8.733478            
-1.665746            -2.118378            1        0.261747            
-2.10463             2.411263             1        2.185803            
-0.542857            0.076276             1        1.476987            
0.724612             3.551808             1        1.335842            
3.87423              3.187933             1        1.853742            
2.766246             1.502768             1        0.757134            
-4.958577            4.342862             1        43.654772           
2.090976             -3.382561            1        0.239959            
-3.714016            -3.973005            1        0.823503            
-0.075917            -2.211243            1        1.87885             
3.68538              2.083036             1        1.252309            
1.038608             -1.674431            1        0.445121            
3.659174             -3.584112            1        1.470766            
-2.477764            -2.809356            1        1.289586            
4.196027             3.628893             1        53.841098           
-2.930353            2.990542             1        0.548678            
-4.311964            2.223099             1        0.297979            
-1.898639            4.681177             1        1.723677            
-4.313131            2.176058             1        1.912477            
-3.870511            -1.727538            1        0.282642            
3.756648             -1.17494             1        2.211599            
-3.804251            -3.315593            1        0.794396            
-2.017772            0.163837             1        2.179327            
-2.699043            4.609858             1        1.071591            
-0.940758            -4.350521            1        2.125267            
4.803558             1.604627             1        1.219235            
4.054288             -3.436998            1        0.553839            
2.510179             -2.563606            1        30.640066           
-0.493041            3.173831             1        1.573004            
4.537099             0.502772             1        0.671248            
4.599458             -1.600667            1        25.039261           
-3.253344            1.893964             1        1.675965            
-4.223588            -4.435282            1        0.568949            
-3.891631            2.048549             1        0.868228            
4.148389             -2.96509             1        1.807793            
-1.555511            -0.90652             1        1.825298            
0.582346             -4.530142            1        0.497166            
1.927795             -2.273798            1        0.864816            
-4.256772            -1.991616            1        1.115131            
-0.465198            1.841675             1        35.107333           
-3.855721            -0.128027            1        38.890531           
4.964478             -4.036469            1        1.002117            
-4.445025            -2.184912            1        2.256444            
-0.362363            2.100072             1        1.022328            
4.775051             -2.246159            1        49.382118           
-4.094742            2.282751             1        1.133964            
-2.452339            -4.187229            1        1.611664            
-0.049824            1.852634             1        0.790242            
-3.377413            3.337718             1        0.272538            
0.5242               2.580063             1        0.819431            
-0.357934            -2.658258            1        0.358242            
3.934329             2.027588             1        2.066105            
3.629441             -1.591262            1        11.11091            
2.579307             -2.732683            1        0.850584            
2.612758             0.596102             1        51.307973           
-3.566326            2.178739             1        1.421961            
-1.524402            -1.398226            1        1.665059            
-1.869349            -2.031927            1        0.330245            
4.955729             -2.477893            1        1.964305            
4.294561             0.056471             1        0.988799            
-1.471854            1.574274             1        0.40927             
3.907674             1.311148             1        9.174388            
-4.091929            -2.646526            1        1.857404            
0.42766              -1.687733            1        0.411802            
2.30362              0.990743             1        59.418424           
4.17289              -0.031213            1        0.732967            
-4.240702            -2.211045            1        0.651287            
-0.378504            -0.320258            1        26.30988            
0.651449             4.69307              1        0.67358             
-1.985217            -3.015648            1        1.300326            
3.115334             -1.971298            1        0.20166             
-2.619848            -0.443312            1        29.660417           
3.539736             0.399342             1        1.897552            
4.159398             -3.624264            1        1.776915            
-3.972152            1.902866             1        1.718135            
-3.963567            4.295612             1        0.221045            
-3.511423            -3.429255            1        1.540698            
-2.022002            -0.897754            1        50.710493           
-4.858015            3.939769             1        2.189247            
3.608147             -0.334501            1        2.111393            
-4.469424            4.579408             1        0.949266            
-3.409586            -3.767279            1        56.300862           
0.079817             -0.323132            1        0.79817             
0.001636             0.930031             1        1.343008            
-2.570868            -4.772503            1        0.222834            
1.681761             -1.129892            1        2.181477            
-1.364727            3.339096             1        37.32198            
2.63717              -0.777076            1        2.125791            
0.251855             4.298125             1        2.03291             
-2.468586            -2.871133            1        1.360351            
2.389837             3.976511             1        1.824416            
3.332624             -2.856383            1        0.831055            
0.064756             -1.300813            1        0.328836            
-2.630563            4.26566              1        55.022479           
0.22439              2.187126             1        0.881567            
-4.055993            0.317648             1        0.615257            
3.413607             3.480247             1        1.496589            
-1.759628            -1.484265            1        30.668999           
4.421956             -4.397195            1        1.951564            
2.534439             -4.508078            1        29.858318           
-2.015572            4.362405             1        2.263028            
4.828839             2.098695             1        0.837862            
2.970712             2.977407             1        35.516366           
-1.109718            0.844054             1        1.583909            
-0.566251            -1.373834            1        1.552335            
-0.964411            -1.348849            1        0.56572             
2.891428             -0.57742             1        35.999115           
-1.499289            -1.298225            1        1.529085            
0.907161             1.717841             1        0.819296            
2.226198             -0.025155            1        1.228399            
-0.689133            -0.752694            1        0.236991            
0.590733             4.555154             1        22.45251            
-1.622036            1.707361             1        14.382512           
0.343206             0.701062             1        0.763798            
4.710045             1.890306             1        1.648818            
3.205058             4.856702             1        1.921672            
-1.023115            3.26064              1        0.784041            
-0.797361            2.951639             1        1.392101            
-4.75468             3.982698             1        2.062966            
1.41605              -0.379652            1        0.684508            
-3.678438            -0.373316            1        1.142353            
1.811697             -0.125862            1        2.001993            
0.558537             4.834229             1        0.946513            
-3.173772            -1.159853            1        2.204224            
-2.556367            -2.688373            1        2.179694            
4.38963              2.336802             1        30.686092           
2.98174              2.058508             1        1.675056            
1.210452             4.634295             1        51.815175           
1.304244             3.871215             1        2.022482            
-2.952789            -3.330529            1        1.728322            
2.588251             -1.368097            1        37.800874           
-0.921281            -1.516785            1        2.255373            
-1.173653            -3.928029            1        41.756954           
1.770228             -1.369521            1        0.827023            
-4.349854            -3.441402            1        0.323878            
-2.553803            -2.346609            1        36.092973           
2.802548             0.879537             1        50.739928           
-0.653043            -0.168435            1        1.057209            
-0.834934            4.89241              1        0.909354            
1.367574             -3.07262             1        2.041108            
-1.496112            -1.164091            1        1.332641            
3.45187              2.960776             1        1.628958            
-1.340376            -3.621094            1        1.035211            
3.790123             -2.172846            1        1.595191            
4.536689             1.978503             1        1.778478            
-1.86265             3.375729             1        1.840042            
1.658679             -1.231717            1        0.651914            
-3.296406            0.814895             1        1.899811            
1.449133             1.462654             1        0.838188            
3.291372             0.116902             1        1.150602            
3.168878             0.626089             1        1.107497            
0.940972             3.1894               1        12.364219           
4.335973             -4.448907            1        0.542719            
-2.754211            -4.430961            1        0.423981            
2.9293               -2.348372            1        1.360415            
2.431416             2.70723              1        1.508365            
1.775735             -4.820794            1        2.137532            
1.474963             4.128267             1        0.558505            
-2.189631            1.94548              1        1.215885            
3.925337             0.164445             1        53.303036           
-3.353783            2.924094             1        42.02278            
-3.845243            -4.474315            1        0.570009            
-1.483497            -2.008968            1        0.842225            
-4.139086            -4.435273            1        0.437523            
3.321963             -1.657908            1        1.675451            
3.286255             3.83309              1        1.124534            
0.145071             2.782216             1        1.464039            
-0.422168            0.783353             1        33.966932           
2.008351             -4.826881            1        1.106638            
-3.117758            -4.423377            1        1.122409            
3.113553             -3.276948            1        1.89357             
-4.177428            -0.748203            1        0.807156            
3.195799             -4.39889             1        0.304039            
1.015099             1.74103              1        1.434322            
-4.351281            -3.032334            1        0.317626            
-1.233213            -3.592684            1        1.795156            
-4.828907            -2.495377            1        0.338263            
4.546124             0.498961             1        0.235108            
-1.276213            -4.78707             1        0.547493            
4.546707             1.718519             1        47.171928           
0.89196              -2.933641            1        0.754605            
-3.569108            -2.497803            1        46.365976           
2.810503             -1.794253            1        0.904072            
-0.315501            -4.181826            1        1.713981            
4.047473             -4.443815            1        1.210505            
-3.725664            2.2169               1        1.441021            
3.975937             4.023356             1        1.525376            
2.911211             4.297334             1        0.792347            
-2.510307            4.591552             1        9.151279            
0.527952             -3.850094            1        0.920006            
-4.016332            0.534413             1        0.471496            
3.003399             -3.371896            1        1.324716            
2.518617             -0.845729            1        1.988722            
-3.066318            4.54598              1        2.022038            
2.759461             1.335256             1        1.825153            
-0.876685            4.019101             1        0.737253            
1.772263             -3.368512            1        17.594056           
-0.918277            -4.216797            1        0.479722            
-2.679556            -3.109322            1        1.775238            
-2.249522            -0.70242             1        0.309322            
1.380533             1.631997             1        2.011667            
2.076066             -4.12588             1        1.705874            
4.850259             4.659396             1        1.461455            
-4.987717            0.687991             1        1.594738            
4.553185             2.099466             1        1.892995            
2.028286             3.267762             1        1.468458            
-3.599154            3.290753             1        0.717703            
-4.908254            1.302327             1        0.894457            
4.339514             -3.783695            1        17.841003           
0.596971             -3.599061            1        1.183242            
3.445349             -1.711012            1        0.33251             
1.165138             -0.659204            1        46.432586           
-0.452038            3.673883             1        1.31569             
-0.620403            -3.527796            1        0.926741            
0.078765             -1.199921            1        1.412001            
1.709857             -4.626718            1        1.028526            
4.42284              2.671917             1        1.075224            
1.003104             -2.081651            1        1.942138            
-3.083212            -2.359938            1        1.113199            
-3.392128            3.077015             1        42.848317           
-4.872297            1.579434             1        15.081116           
1.395926             -2.795089            1        1.377991            
-2.602475            0.246001             1        14.071195           
0.329643             -2.164174            1        1.961677            
-3.395678            1.994258             1        51.056725           
-3.668615            4.749274             1        1.543083            
4.566961             -4.442041            1        31.087859           
0.014159             4.392406             1        0.742638            
-0.693517            1.736629             1        0.210714            
-2.611474            -4.088983            1        9.418664            
-2.732805            -3.209418            1        0.583922            
-1.497789            4.740037             1        0.4161              
-3.575579            -4.606431            1        1.578682            
1.743265             2.847093             1        1.40505             
-4.604331            0.589958             1        0.352417            
-3.377258            2.777954             1        1.966614            
-4.569221            -3.490021            1        56.380574           
-1.288066            0.183575             1        1.905401            
-0.994165            0.984914             1        1.544713            
-2.838887            -4.94493             1        4.538809            
-0.17863             -2.255794            1        0.532954            
-1.083651            3.245568             1        1.368977            
0.699867             -1.827459            1        1.340697            
-3.857602            0.387011             1        1.343035            
-4.299306            0.054069             1        0.398321            
2.104091             2.923483             1        0.299723            
-0.722112            -4.032521            1        1.219308            
-1.792424            -4.221697            1        1.943781            
3.270432             -3.833014            1        1.870714            
-4.139873            -0.041069            1        1.244208            
-1.553887            -3.356795            1        1.81768             
3.701179             -4.796048            1        0.627151            
-0.62392             -1.497517            1        1.184599            
-1.861798            -4.450603            1        0.369023            
1.850279             2.10277              1        1.262035            
0.009248             -2.995933            1        2.215068            
2.597392             2.247689             1        1.232096            
-2.606827            -2.234839            1        1.35754             
-2.211491            1.105317             1        1.987047            
3.233237             2.728496             1        1.470417            
0.096489             0.927289             1        0.579571            
3.939259             3.713815             1        1.506119            
1.495336             1.421875             1        40.648088           
-4.444365            -0.416571            1        26.871249           
-4.387024            -3.152719            1        1.32175             
-2.242348            -3.264469            1        44.5066             
-2.416149            2.499079             1        10.706914           
-2.607904            -4.609612            1        39.434713           
-0.09223             -0.571354            1        1.757231            
-4.145322            3.22995              1        0.497535            
-3.067865            3.20171              1        10.24057            
4.905608             -0.078841            1        0.878179            
-3.236618            -4.843723            1        45.533823           
-1.094733            0.828714             1        2.225823            
-4.929422            -2.654739            1        0.378214            
4.099697             -1.169131            1        11.82959            
-1.247816            -2.354502            1        1.69502             
-4.095655            2.389719             1        58.000877           
2.541046             -1.233119            1        46.044314           
-1.689903            -3.038525            1        1.39357             
-1.762259            0.372914             1        34.598463           
4.552691             -0.325433            1        0.895431            
-4.219564            0.990533             1        12.04207            
-3.982911            2.960544             1        0.653187            
-3.307674            2.109606             1        0.274347            
0.465295             -3.774777            1        1.835435            
-0.566534            1.886312             1        6.611171            
1.452525             3.798414             1        0.683486            
4.518276             0.350052             1        28.21206            
3.024656             3.720699             1        1.755031            
2.383782             -1.031287            1        1.158496            
-0.395452            1.490565             1        1.852961            
2.622735             -0.527627            1        1.335097            
-3.381526            -1.501219            1        1.585477            
-3.654356            -0.263361            1        1.128979            
2.512686             -0.552118            1        1.355868            
1.883569             -0.512407            1        3.547273            
-1.767668            0.987416             1        0.807349            
-1.07492             -0.733935            1        39.977853           
0.290427             0.218569             1        1.635654            
3.314944             -0.386707            1        2.141636            
0.963659             1.177457             1        1.170977            
-3.090223            4.117179             1        1.799716            
-0.091662            0.822371             1        1.340863            
1.244464             -4.316905            1        1.030096            
2.368379             1.330871             1        10.706859           
0.883606             4.469303             1        1.583109            
-3.492835            4.674671             1        52.128274           
3.795958             -1.585504            1        1.94063             
3.248985             0.214448             1        0.382997            
-4.081976            -0.112071            1        1.712648            
-4.755942            -1.316437            1        23.281652           
3.391376             -2.208694            1        1.673881            
-2.512869            4.658347             1        54.522192           
4.057337             -0.183896            1        0.88367             
-3.174586            0.808318             1        42.25499            
0.69326              4.796253             1        1.76157             
3.351802             -1.233883            1        1.721573            
0.927836             1.621371             1        1.359817            
3.665754             1.877378             1        0.386609            
-2.226372            3.202619             1        1.141843            
-4.533691            2.78036              1        2.19885             
0.446624             -3.589174            1        1.010649            
-0.782633            4.669752             1        1.36706             
2.853502             3.150506             1        2.268893            
2.72085              -1.487921            1        1.082615            
2.612358             1.036685             1        0.922331            
-4.408034            2.900078             1        2.040694            
3.678252             -2.004464            1        11.060493           
-4.316824            -0.086919            1        0.746837            
0.207663             1.63162              1        1.861051            
1.678622             -4.836998            1        1.0759              
3.336442             0.997284             1        1.661141            
2.496851             0.662148             1        0.577697            
-4.247732            -3.477295            1        1.518591            
4.166079             1.910572             1        35.876995           
3.870453             -1.924999            1        1.615013            
-1.729308            2.17744              1        0.945826            
2.758087             -2.765831            1        0.557131            
-0.207538            0.39614              1        1.254592            
-1.040977            2.739064             1        0.319333            
-3.803923            -2.697063            1        1.462444            
-1.300571            -3.264864            1        1.485229            
-2.220406            3.968318             1        0.417617            
2.262898             -4.197864            1        51.529544           
-1.538023            -0.319058            1        1.844818            
-0.589377            1.825473             1        0.952171            
-2.338756            -2.745832            1        1.711384            
2.930742             -0.870899            1        2.215942            
-2.652157            4.230249             1        11.148306           
-2.399979            1.786891             1        52.171215           
-3.849904            -3.375814            1        1.434232            
-0.563035            3.651142             1        23.705748           
4.771425             -1.547151            1        53.993515           
-2.593982            0.707712             1        0.387431            
2.124153             -0.965032            1        1.186941            
-1.26654             -0.263272            1        0.619719            
1.536905             4.092365             1        33.240021           
3.035621             3.644776             1        2.083537            
3.703764             0.01351              1        0.20375             
-2.641962            -3.275504            1        0.495847            
3.38708              -2.288448            1        1.531074            
4.095043             -4.131973            1        2.04573             
-0.333559            -1.623089            1        0.891219            
-2.391124            0.434534             1        1.016147            
0.137979             3.99556              1        0.523448            
-0.983264            -2.053763            1        2.018127            
2.91552              2.103044             1        16.57773            
-1.656967            0.889104             1        1.903283            
-0.455134            -1.455666            1        1.759385            
-0.571376            -1.758235            1        1.747473            
-2.682167            4.353763             1        1.852271            
4.160465             -2.875999            1        16.06512            
0.349932             -0.026353            1        0.273495            
1.681859             2.773551             1        1.464454            
-4.578732            0.005447             1        1.919483            
2.825527             4.241418             1        1.772614            
0.554526             -3.311993            1        2.124743            
-2.777577            3.03454              1        8.541812            
-0.915221            1.402575             1        0.855744            
-4.302291            1.642733             1        1.422547            
4.802173             -2.388336            1        2.014934            
1.040327             1.402089             1        0.993393            
-4.558517            -1.459762            1        0.312618            
-2.021289            4.848213             1        2.104507            
-4.915605            -1.960453            1        15.38858            
2.880195             3.720604             1        0.407526            
0.667618             -1.30088             1        1.258549            
0.435921             4.727072             1        0.545463            
1.711269             3.055756             1        0.94335             
2.258856             1.231992             1        1.758811            
4.135193             0.772006             1        0.417006            
-1.149569            -4.581682            1        44.78037            
-4.649221            1.240281             1        1.895372            
-4.098173            -0.297865            1        1.399233            
0.557446             1.547253             1        42.238782           
2.263034             -3.935831            1        28.033413           
-1.072868            4.441844             1        1.708307            
-3.283545            -3.5095              1        0.400446            
2.798151             -2.469387            1        0.207817            
-3.56663             1.647818             1        1.964918            
2.666833             -1.901497            1        3.080905            
1.897759             1.490183             1        33.418767           
-1.061347            2.234701             1        0.569016            
1.153248             -3.172881            1        28.409669           
-3.452058            -0.17677             1        1.132314            
-2.59421             0.522272             1        0.324259            
-4.458115            0.978706             1        0.405841            
0.007479             0.769566             1        4.93889             
-3.774323            -3.873046            1        38.488646           
-1.938791            -3.390037            1        0.831883            
1.801869             1.748431             1        0.781733            
2.447759             -3.410183            1        1.584937            
-0.351803            4.116681             1        2.107277            
-0.119999            2.710446             1        1.69668             
-2.71765             1.476093             1        1.996537            
0.377755             -0.607163            1        1.818969            
-0.281562            -4.202783            1        1.376408            
2.02485              -3.810234            1        0.416171            
0.974688             -2.874342            1        0.405778            
-1.219519            0.864633             1        0.248121            
2.571371             4.138727             1        0.822964            
-3.363949            -3.827146            1        1.150115            
-4.806823            -2.268914            1        0.806011            
1.886757             2.336493             1        0.715748            
-1.45701             3.995833             1        1.743096            
-2.574519            -0.931103            1        0.2539              
3.08076              -0.561144            1        1.115648            
-1.273745            1.357017             1        0.394405            
-3.275027            -1.010274            1        0.535184            
2.331203             4.823234             1        1.078895            
-1.054984            -0.754837            1        1.302879            
-2.972186            -4.319897            1        58.686655           
-3.812737            4.522108             1        1.22523             
2.367037             -0.550068            1        1.289981            
0.413198             2.738566             1        0.218015            
3.258184             -0.576597            1        0.229215            
-1.696314            -2.067329            1        0.582161            
4.880308             -0.088955            1        1.385342            
0.504838             -3.365606            1        1.66719             
2.949697             1.002389             1        32.168761           
1.802954             -2.840093            1        0.309171            
4.453825             4.189125             1        2.267473            
-0.885836            2.820888             1        53.417931           
-0.128227            1.673877             1        1.909283            
2.060822             -0.935519            1        0.955654            
-3.841459            -1.844777            1        0.738818            
-4.250359            0.546318             1        54.249092           
2.161485             -2.192952            1        2.06295             
-0.834079            -1.463502            1        1.106053            
1.834306             3.69002              1        0.667149            
0.796688             1.166974             1        6.228013            
-3.703946            2.957456             1        0.520151            
1.482726             -2.523969            1        44.21473            
4.612754             -1.299419            1        2.124416            
-0.938776            -2.742531            1        0.298967            
4.624654             -0.257092            1        1.606045            
1.300558             2.773094             1        1.109546            
-1.589772            -3.371503            1        1.513401            
-0.675176            -2.245906            1        0.833439            
-2.864813            -4.682563            1        0.444227            
-0.62621             -4.651946            1        2.187369            
-2.662805            1.320179             1        1.686722            
-0.501245            -3.907495            1        1.076527            
2.213787             3.779967             1        1.646835            
-4.387089            2.403315             1        0.989209            
2.426079             4.694685             1        35.656872           
-4.70075             -1.399304            1        0.422057            
0.364114             -0.45053             1        1.310495            
3.264079             3.885968             1        43.456168           
2.363238             -1.652335            1        0.511702            
-2.669243            1.196178             1        2.008361            
1.901486             4.189028             1        1.180107            
-3.172961            -3.473126            1        0.561313            
-2.232819            1.593951             1        0.918274            
3.248689             -0.460856            1        1.673808            
-2.171124            -4.133777            1        0.997465            
0.75831              -0.405821            1        1.528909            
-2.599338            1.553338             1        1.74455             
3.251685             -4.195084            1        0.470711            
-2.183619            3.918879             1        42.515991           
0.487783             0.263978             1        40.14595            
-3.871104            1.445842             1        1.216655            
1.84896              -3.435708            1        1.00548             
4.593868             -3.993892            1        36.958843           
1.339107             3.756455             1        1.131722            
-1.967947            -3.371974            1        0.847559            
-3.858571            0.483399             1        1.198632            
-0.113519            -1.908524            1        0.442385            
-2.853696            2.232183             1        0.548577            
-4.67882             -0.648166            1        59.942847           
-1.702697            -3.521564            1        0.883883            
1.195786             3.517371             1        1.079882            
2.257008             -3.700865            1        1.740791            
-2.843986            -3.382679            1        1.601107            
2.366854             2.801208             1        52.841153           
-3.523194            -0.813045            1        2.258184            
4.259675             -2.293411            1        0.63726             
-4.540433            4.91308              1        0.851313            
-2.95331             -0.892617            1        18.349125           
4.307728             -1.446558            1        0.834206            
4.396063             -1.921249            1        59.699052           
-2.458298            -0.629439            1        1.309383            
4.493224             2.739487             1        57.714344           
-4.253853            -3.831463            1        0.466493            
2.666217             2.615832             1        1.764808            
-2.042928            3.987863             1        1.434069            
-2.022757            -4.156244            1        0.235301            
-1.539392            -4.836687            1        17.79648            
1.600342             1.601528             1        1.219324            
3.91117              4.220761             1        1.72314             
4.292085             1.540958             1        12.386281           
-0.722237            -2.57529             1        2.164862            
0.111782             4.694094             1        0.45953             
-4.2182              -0.988548            1        1.941598            
1.56412              2.651333             1        0.968321            
2.838339             3.320142             1        15.568821           
-3.831614            -2.677945            1        10.910944           
-4.880707            2.122368             1        1.706646            
-1.759916            3.293609             1        0.758676            
3.919157             1.670679             1        40.427526           
0.323404             3.593641             1        1.373641            
-2.719477            0.290314             1        0.500557            
3.637252             -1.046523            1        1.273701            
-3.351038            -0.754053            1        0.631116            
3.938947             0.132371             1        2.079039            
2.857219             -0.608894            1        0.649066            
3.653086             -3.232252            1        0.828715            
-4.513209            2.398956             1        0.435419            
-0.334254            -1.940045            1        25.482221           
-0.527527            2.202625             1        1.628393            
-0.224872            -3.414286            1        17.168004           
1.804136             4.346481             1        1.131614            
-2.724307            -1.606305            1        2.223735            
3.704044             -3.27185             1        0.997138            
-2.437231            3.03651              1        57.934688           
-4.499452            3.674635             1        0.753932            
3.995452             3.763954             1        1.497934            
-3.267199            3.316107             1        2.248614            
0.266214             -0.00643             1        2.257902            
4.068482             3.005658             1        0.689888            
-0.641576            -1.279937            1        43.851196           
-0.035462            1.31161              1        1.500045            
-3.299236            2.435094             1        21.530283           
0.76185              2.295281             1        0.587036            
4.276201             -0.093994            1        1.516837            
2.798575             4.348211             1        1.82071             
-4.920815            -1.602806            1        0.932153            
4.808105             -1.464394            1        0.332768            
-3.639484            2.728671             1        1.073029            
0.074558             -2.619927            1        0.391833            
1.649684             -1.13029             1        0.792827            
-0.562023            -0.240548            1        0.54152             
1.803591             2.732591             1        57.294559           
-1.773059            2.988167             1        25.766627           
-1.039213            -3.558944            1        2.252532            
-3.141497            0.894405             1        0.412609            
-1.317195            3.423133             1        2.111896            
-2.767636            -4.191982            1        1.111766            
3.963663             0.880349             1        36.664202           
-0.966466            1.2723               1        0.240585            
4.250838             -4.149291            1        0.207321            
-2.556148            4.24753              1        37.797972           
-4.036077            -0.646926            1        35.455877           
3.637611             -0.75406             1        1.498913            
1.50701              -1.245415            1        1.32244             
4.358861             -4.86042             1        0.690776            
-3.879312            4.108331             1        0.541041            
3.588909             1.151836             1        0.476803            
-1.167584            -3.081814            1        1.692812            
-3.854493            4.406027             1        2.214287            
4.20224              2.918361             1        2.185725            
0.953767             -1.400897            1        1.829492            
-0.819371            3.753892             1        0.388679            
0.308374             2.188096             1        1.761364            
2.116883             1.480503             1        1.566453            
-4.387948            0.67321              1        0.67521             
0.526871             -2.02542             1        0.372827            
-4.972417            -1.101318            1        0.39022             
2.564789             -1.036039            1        49.101657           
-3.00483             -4.429859            1        0.203611            
-4.692083            2.323487             1        0.267388            
-3.466463            3.431321             1        55.575121           
-0.219399            -1.719906            1        1.42814             
-3.500469            4.549208             1        1.27876             
-3.09792             3.502473             1        1.689087            
-3.385827            1.959419             1        28.444387           
1.614575             -2.592992            1        0.46051             
-2.569265            -0.855681            1        1.997474            
-3.327859            0.403061             1        0.958699            
4.553978             -0.662808            1        1.828154            
4.823703             3.684426             1        0.308385            
2.392604             -0.422235            1        0.996687            
-3.673219            -3.306836            1        2.210206            
4.25816              -2.535669            1        6.018795            
-0.827426            1.553359             1        17.914418           
0.097047             -0.54661             1        56.893248           
1.883243             2.162577             1        1.709088            
-4.319683            2.888127             1        46.185758           
2.710941             4.023082             1        0.923102            
0.816299             0.361806             1        1.145354            
1.653792             1.209142             1        1.604197            
3.423839             -0.376054            1        0.990824            
-3.759392            3.344921             1        1.165608            
4.622247             1.678041             1        2.182542            
-3.294013            3.344619             1        0.302209            
1.123125             -4.257226            1        4.268937            
0.637025             -1.708907            1        0.881452            
3.414649             -4.739358            1        1.257436            
0.640535             -0.575098            1        0.899933            
4.654528             -4.190346            1        0.983516            
-2.655618            0.148823             1        1.150225            
-2.25565             -1.877342            1        2.064465            
3.835805             0.139598             1        0.83955             
-0.674947            -4.427054            1        0.464577            
0.530812             -0.453246            1        1.706322            
-0.164246            -3.065201            1        48.967166           
-1.033123            -2.348295            1        7.14088             
4.057659             4.022206             1        0.381478            
4.3394               0.705836             1        1.76807             
4.369951             -2.211184            1        1.829474            
4.5282               -2.928579            1        0.426952            
1.344499             0.740146             1        2.024952            
-1.144461            -0.782588            1        1.635845            
-2.650703            1.704355             1        1.078906            
3.744127             -1.798677            1        0.294214            
0.089132             -0.377082            1        0.658485            
4.865084             -3.899657            1        47.878916           
3.073138             -2.835657            1        1.290132            
