trucks_count 1
drones_count 1
customers 12
depot 0 0
Coordinate X         Coordinate Y         Dronable Demand
3568.5651536397745   3276.764780612532    1        0.05                
3689.242504240958    2281.9374124191577   1        0.05                
6187.2574416228845   193.83420037978595   1        0.05                
-2663.361039298311   4788.171601424347    1        0.05                
-3043.2766295707715  -1931.2199976625066  1        0.05                
417.1158480810174    -4172.839857743874   1        0.05                
-3764.2595456496424  -7056.583439547914   1        0.05                
4497.506772910422    2152.190736011403    1        0.05                
-5353.775398428767   7708.456245827172    1        0.05                
-7852.36726706787    3863.5921884073296   1        0.05                
-1626.802917883569   3362.9821327580903   1        0.05                
5196.253746359196    -2813.2753502376745  1        0.05                
