trucks_count 1
drones_count 1
customers 12
depot 0 0
Coordinate X         Coordinate Y         Dronable Demand
1780.6783885878783   413.0468395590326    1        0.05                
646.0903399665995    -3972.758116444702   1        0.05                
-2216.6945121140484  -70.73736470810798   1        0.05                
-3445.734355720411   -2303.356779739183   1        0.05                
-3315.971044847139   -3717.5607911067937  1        0.05                
-3644.797377962835   2660.929223443994    1        0.05                
3214.9477321313348   621.0840512576433    1        0.05                
3985.2480562992614   -2068.106247888977   1        0.05                
1171.5832542860596   -3475.3929380129407  1        0.05                
191.139672715041     -2211.9992581751694  1        0.05                
1619.1112075740155   370.27762310495945   1        0.05                
1584.5982413110933   -1379.0195890919413  1        0.05                
