trucks_count 1
drones_count 1
customers 12
depot 0 0
Coordinate X         Coordinate Y         Dronable Demand
1785.0032945611154   274.109500455712     1        0.05                
-1134.3525174866754  3773.053950835261    1        0.05                
2546.353343415505    130.44806511259745   1        0.05                
-2518.2096804917996  -1494.4458031027293  1        0.05                
2055.9082312269647   2803.4601596238535   1        0.05                
2588.569056384282    3401.4701927028073   1        0.05                
-1292.2052738160523  2079.1931739817915   1        0.05                
-1317.2255714946336  95.59561924153316    1        0.05                
2990.7779901803538   3710.812287136821    1        0.05                
-3140.3082708026955  2760.55530856564     1        0.05                
3528.115935811951    -1274.946173023033   1        0.05                
-417.84747238980447  197.17877961888783   1        0.05                
