trucks_count 1
drones_count 1
customers 12
depot 0 0
Coordinate X         Coordinate Y         Dronable Demand
3565.6815632438206   -7359.543420174908   1        0.05                
-488.26217752007517  7846.995954295731    1        0.05                
-7717.0412886037175  59.710820309663234   1        0.05                
2082.755843882615    4248.8975370632625   1        0.05                
-1260.0628136201753  -914.1006314829413   1        0.05                
6990.471798326622    6062.399416146801    1        0.05                
-6123.957541684717   2700.2769854290887   1        0.05                
2668.0223648994547   6074.189491257728    1        0.05                
4162.36112456124     -7811.28041106577    1        0.05                
5097.5315218175165   548.55605039047      1        0.05                
-2899.4729765192064  -904.668669823247    1        0.05                
1166.7508888264617   6864.859070621775    1        0.05                
