trucks_count 1
drones_count 1
customers 12
depot 0 0
Coordinate X         Coordinate Y         Dronable Demand
3562.7984524685608   -1902.4521005830425  1        0.05                
-4665.766859281111   -2681.3455038276907  1        0.05                
-5527.939779019971   -74.41279957080562   1        0.05                
6828.872966873887    3709.6234727021774   1        0.05                
523.1512421407712    103.01873469662708   1        0.05                
-2529.5727310484713  204.23869003747865   1        0.05                
7609.744222469858    -3636.2623497835602  1        0.05                
838.5379568884858    -6097.211753495944   1        0.05                
-2414.9021126384046  -7237.617307769063   1        0.05                
1954.030310702907    -2766.4805672470834  1        0.05                
-4172.142795344499   -5172.319232594236   1        0.05                
-2862.751968706273   449.5934914812201    1        0.05                
