trucks_count 1
drones_count 1
customers 12
depot 0 0
Coordinate X         Coordinate Y         Dronable Demand
7128.480255522729    -9261.995280947604   1        0.05                
10939.371203009166   5165.650450468044    1        0.05                
-13244.981067623687  -14.70221907149137   1        0.05                
8911.628331135806    -8134.878990234562   1        0.05                
15356.488668330943   15282.318103213687   1        0.05                
4460.899067278151    -9826.761654005371   1        0.05                
-14607.61307940451   15157.414875455874   1        0.05                
-12586.839438401712  16070.37749795144    1        0.05                
-14345.940508456466  -15048.897479024488  1        0.05                
7051.561592710079    -2217.924756666958   1        0.05                
9021.78446794664     10016.412097582515   1        0.05                
14397.398680309843   7314.45280191334     1        0.05                
