trucks_count 1
drones_count 1
customers 12
depot 0 0
Coordinate X         Coordinate Y         Dronable Demand
3601.7234455639073   4893.811847487075    1        0.05                
-4596.353295791625   -5389.337258023548   1        0.05                
-2894.0087195384635  1736.2557091000247   1        0.05                
7129.894924026214    2943.121902714737    1        0.05                
589.8642471870135    -5581.39318834823    1        0.05                
-2756.174462208894   6869.107413366791    1        0.05                
7278.867648564073    -6606.679765645538   1        0.05                
1396.4759062693006   5329.405410394171    1        0.05                
-2135.548410443195   1111.3299583891505   1        0.05                
-3888.901780482589   -6293.689466579791   1        0.05                
4962.200118512446    -3885.934476892739   1        0.05                
-4791.364231350566   6588.679409404552    1        0.05                
