trucks_count 1
drones_count 1
customers 12
depot 0 0
Coordinate X         Coordinate Y         Dronable Demand
3559.915101882953    3554.639698629519    1        0.05                
7250.128458957855    2883.713038048884    1        0.05                
-3338.838269436223   -208.5366592616263   1        0.05                
-4518.410389755532   3170.3494083410924   1        0.05                
2306.36481828102     1120.1381008761953   1        0.05                
4043.782979386784    -5653.9217962614985  1        0.05                
5250.04646624513     6120.598315003788    1        0.05                
-990.9462113121341   -2175.212998249616   1        0.05                
7101.234889972298    -6663.954204472355   1        0.05                
-1189.4711402220491  -6081.516945074291   1        0.05                
-5444.8128539801355  6653.429964824425    1        0.05                
-6892.254826239008   -5965.671847848986   1        0.05                
