trucks_count 1
drones_count 1
customers 12
depot 0 0
Coordinate X         Coordinate Y         Dronable Demand
892.8620661037584    -545.0816946974209   1        0.05                
1966.6868564530853   -820.7803423169411   1        0.05                
999.5390429623715    81.9895150176513     1        0.05                
-1852.3694806198096  1331.8613564937707   1        0.05                
-1206.6226113803418  -737.0849009131056   1        0.05                
-1539.0599056359722  421.3302170913624    1        0.05                
-351.14032745105493  -180.01096613122945  1        0.05                
1581.747735277761    -442.45200480873063  1        0.05                
305.87189974013296   1783.6982856326156   1        0.05                
-1177.2165139883152  1794.6571415586343   1        0.05                
-88.53333471715666   1907.658233834857    1        0.05                
-1716.910908979604   900.4976171783064    1        0.05                
