trucks_count 1
drones_count 1
customers 12
depot 0 0
Coordinate X         Coordinate Y         Dronable Demand
1783.5617391734854   3002.655400061992    1        0.05                
-3223.1048583671923  -1491.1166583212776  1        0.05                
3640.904098207378    63.38625517236301    1        0.05                
-145.1512389013372   -1764.0827153780979  1        0.05                
2947.5151392022635   3312.019842713638    1        0.05                
-2171.4530883980906  472.38982964814517   1        0.05                
-2472.0543917387636  -1089.0766135297067  1        0.05                
-2231.9677755001176  2056.594996864696    1        0.05                
-297.8536284194681   3997.64395869035     1        0.05                
3334.6411236399986   1103.0369997468633   1        0.05                
2891.780906494132    -3408.771574313702   1        0.05                
-2432.5989011561724  -3010.454009951388   1        0.05                
