trucks_count 1
drones_count 1
customers 12
depot 0 0
Coordinate X         Coordinate Y         Dronable Demand
1787.1659274054944   -3818.7090491907743  1        0.05                
-2024.573946213312   3622.609924522655    1        0.05                
904.5274510380428    231.04083997553775   1        0.05                
1968.9025971699182   2933.3597451680844   1        0.05                
-3304.8521307359833  -1982.7294849159946  1        0.05                
1681.9022136052536   3771.7406773322136   1        0.05                
477.56822321025396   2808.2477353438653   1        0.05                
-3968.462445344168   -2845.903267335451   1        0.05                
3900.375418080088    3280.5650196168763   1        0.05                
-782.6823025141509   -2799.8675279691274  1        0.05                
459.26823997833276   -2097.5581310396165  1        0.05                
-1419.0703891928406  -3038.0719760731104  1        0.05                
