trucks_count 1
drones_count 1
customers 12
depot 0 0
Coordinate X         Coordinate Y         Dronable Demand
893.9433225733612    1431.8589705267495   1        0.05                
1521.5761420897663   -896.002355473244    1        0.05                
178.62597686846638   132.2858424965342    1        0.05                
391.1867181636368    -477.5858693708223   1        0.05                
136.3472076381839    893.1703967221434    1        0.05                
-1992.3933270254863  606.4653994534788    1        0.05                
533.7464210620982    184.51631454980722   1        0.05                
256.1293583055811    -1913.2015080498097  1        0.05                
760.6706136899993    1568.5745919200563   1        0.05                
1.5965301085442511   -985.5542167561634   1        0.05                
-1622.9571226813787  1496.352254826565    1        0.05                
1805.8276326188786   -717.1278206202794   1        0.05                
