trucks_count 2
drones_count 2
customers 20
depot 0 0
Coordinate X         Coordinate Y         Dronable Demand
3725.7068013139656   -4453.525926239148   1        0.05                
-1991.0507810154097  -3285.8588753025588  1        0.05                
-464.9681160015737   7503.570404718872    1        0.05                
-3832.3315323743013  -6054.897406534519   1        0.05                
4378.668962259596    -1037.327612742071   1        0.05                
4270.730708506177    1275.614799102178    1        0.05                
-3907.9170830656035  -7723.2837951050205  1        0.05                
-402.6998250866976   -2382.539626335788   1        0.05                
7098.969829900159    -7462.786361093503   1        0.05                
2534.4548538422678   7505.675019800447    1        0.05                
-4686.596233137974   2595.6469165702683   1        0.05                
7543.256004643216    -7236.099488499942   1        0.05                
-108.5672129695775   3997.3901074846217   1        0.05                
1861.5450009479407   -959.493425900137    1        0.05                
3538.4220241843627   -51.50714544610324   1        0.05                
-5443.152075625875   -4481.887515720071   1        0.05                
5359.601335982752    -4848.570207662969   1        0.05                
-1340.4849588871284  -7246.1255775122545  1        0.05                
7594.6164451659315   583.4568350808555    1        0.05                
-6403.428606783692   -2346.3383753162266  1        0.05                
