trucks_count 2
drones_count 2
customers 20
depot 0 0
Coordinate X         Coordinate Y         Dronable Demand
1860.690887717777    1866.0557064320856   1        0.05                
-105.30384187589398  -1492.485411338674   1        0.05                
1409.3419542818494   3651.1925474016693   1        0.05                
1643.4218362459571   591.445748461927     1        0.05                
-496.6051569072542   -3779.1742817363597  1        0.05                
3042.0321970321156   267.5369149216825    1        0.05                
-3723.7320385591092  3456.0036609905887   1        0.05                
2449.8868414010117   1750.229193314265    1        0.05                
2639.887487050347    -3301.145793121633   1        0.05                
-1090.3985413674113  1266.5603464349917   1        0.05                
725.5494593594585    2120.435416301718    1        0.05                
-3273.8490808753554  -382.7988686527982   1        0.05                
-2958.904780799591   -2168.2863891937122  1        0.05                
2257.117677252621    1829.0794828313078   1        0.05                
-1987.8955395165922  -2050.8163362362966  1        0.05                
498.27690321124516   3805.2956043721106   1        0.05                
-2919.1102561358157  -1364.675716293413   1        0.05                
-2379.2124494883356  76.50569778070926    1        0.05                
175.1460765220783    2274.648980031395    1        0.05                
367.03239673233156   489.42853138572764   1        0.05                
