trucks_count 2
drones_count 2
customers 20
depot 0 0
Coordinate X         Coordinate Y         Dronable Demand
1862.1326829157547   -862.4900732690214   1        0.05                
1983.4484990046235   3771.685317723038    1        0.05                
314.7911994899763    3718.254357341905    1        0.05                
-729.6366053445065   861.0827806424694    1        0.05                
-1388.2121847877268  3758.966035173856    1        0.05                
-244.64565818551117  3196.617277976345    1        0.05                
-2543.8830405415706  -1422.4266714030855  1        0.05                
3364.629045406495    -210.77018430889905  1        0.05                
-2118.180894349831   -3587.9773447699877  1        0.05                
481.3520641898937    2924.0785353485953   1        0.05                
1361.8844886772777   -3792.439182407613   1        0.05                
-1259.0976521089876  2824.8339209174783   1        0.05                
1659.7426287752187   -2072.5320539346385  1        0.05                
-3991.5791872032614  2972.09535231039     1        0.05                
516.8420416507494    -700.7744938941335   1        0.05                
1033.941649163515    2456.7026562489546   1        0.05                
813.4970266156446    3293.384612077757    1        0.05                
-3922.132429490097   2974.5933734228174   1        0.05                
-2774.5458261039958  -1729.5314349309742  1        0.05                
3352.334676586329    -618.9699479768334   1        0.05                
