trucks_count 2
drones_count 2
customers 20
depot 0 0
Coordinate X         Coordinate Y         Dronable Demand
1835.4618099040636   1335.4069711066275   1        0.05                
-448.3201070478793   2944.92766941758     1        0.05                
-3576.120916006932   2477.611053305313    1        0.05                
2938.4447439368196   -103.85147536134946  1        0.05                
3036.465972470819    1097.2705320503783   1        0.05                
208.64448348283773   1312.181340848724    1        0.05                
-230.9898635815397   314.83345868593216   1        0.05                
-1488.0505895958117  3880.918001956687    1        0.05                
-2607.615598636202   1718.4069002978522   1        0.05                
3590.7649620909433   -3599.9080794582405  1        0.05                
1659.738244875232    988.6414332882939    1        0.05                
-2321.8485447135054  -189.47298589556883  1        0.05                
705.1142926369093    179.3620842940542    1        0.05                
-1044.4879142004627  1943.0511674214977   1        0.05                
2459.393732472989    -1536.4491767500347  1        0.05                
3194.195347861194    -757.7795420976838   1        0.05                
-3866.1374644760276  -2413.733740987185   1        0.05                
-3541.562139979065   -2359.8281463354992  1        0.05                
3514.554252573208    3950.8552226788743   1        0.05                
-3595.5572609022784  3793.0025197564114   1        0.05                
