trucks_count 2
drones_count 2
customers 20
depot 0 0
Coordinate X         Coordinate Y         Dronable Demand
7338.96388903065     10798.719443828724   1        0.05                
10122.615129857797   1251.369699167589    1        0.05                
-12115.38215444398   9776.320353530431    1        0.05                
-15686.90438088214   15138.72051381421    1        0.05                
-2164.322294166128   -10687.19850561892   1        0.05                
-8685.466115823045   15483.964877095921   1        0.05                
-3283.656970740539   11016.194739341425   1        0.05                
8311.712993795434    -12741.129476737271  1        0.05                
-914.3261113651481   7447.290944298464    1        0.05                
11219.557917818118   14472.131304339828   1        0.05                
-10727.116599514018  15780.315170382182   1        0.05                
2776.5027238028933   -7173.157282912481   1        0.05                
9676.562111587667    -15567.460093531583  1        0.05                
8319.44159248922     -10607.226589651476  1        0.05                
4828.099527746923    -8845.880391684468   1        0.05                
-4387.947860649415   15759.467008424534   1        0.05                
9257.035576592969    13215.744379308922   1        0.05                
5012.991160276913    -15235.487936626212  1        0.05                
-12229.198704834324  7718.38196045058     1        0.05                
11833.965917062198   -14797.992962249227  1        0.05                
