trucks_count 2
drones_count 2
customers 20
depot 0 0
Coordinate X         Coordinate Y         Dronable Demand
3673.806970393735    -2786.2776171889577  1        0.05                
3280.8647074756254   324.79679695858397   1        0.05                
6752.056898212737    5089.345726491097    1        0.05                
1130.7723648823676   331.57111363838584   1        0.05                
4289.71812899104     1177.4216979211883   1        0.05                
-6156.066743469579   -7610.876592193227   1        0.05                
1897.7185086823433   6966.206252584513    1        0.05                
-1146.6167711806559  3839.8372486670473   1        0.05                
1362.0318001168941   2863.150457488647    1        0.05                
-5768.368864703502   -3884.779781089274   1        0.05                
4592.146548386101    6244.9336691579265   1        0.05                
-614.1942318942752   6036.319607349413    1        0.05                
-5445.876355766212   550.2330789166014    1        0.05                
1507.0304426873083   6172.134313611508    1        0.05                
-6165.136893098643   -372.81466881574187  1        0.05                
7459.71994781658     -4212.744980441678   1        0.05                
-267.0606032594822   4488.653414578318    1        0.05                
5924.4355202279985   1076.5190586132185   1        0.05                
1129.7249397046144   -106.64990494629353  1        0.05                
-1220.510201906908   5369.208080787704    1        0.05                
