trucks_count 2
drones_count 2
customers 20
depot 0 0
Coordinate X         Coordinate Y         Dronable Demand
3672.3650552905838   -57.73183748785279   1        0.05                
-6854.587753310065   -4939.373932103128   1        0.05                
7846.607413194263    5022.284036456033    1        0.05                
3503.8309263780043   -7984.765918542155   1        0.05                
-2865.37496303366    -6360.718858799375   1        0.05                
5177.310991842875    -2493.2570751530634  1        0.05                
717.8695106648057    -4248.763534926984   1        0.05                
5985.340904908685    5800.836746195386    1        0.05                
6120.10018151707     3149.9821290421755   1        0.05                
-7340.119590165983   -5542.297970002878   1        0.05                
-4090.888480931718   -3935.5916122275694  1        0.05                
5417.754219434182    2828.6869376843124   1        0.05                
-2017.8238852461977  -7592.221376247643   1        0.05                
7755.727307143191    -3017.5817956779215  1        0.05                
7423.525405828842    -1722.8565111579055  1        0.05                
-1122.6446782305154  5182.54808758665     1        0.05                
-3999.6676462005944  -169.4069137928522   1        0.05                
-579.3446196754126   -1821.5686170288895  1        0.05                
4079.416602520342    -4149.169849699448   1        0.05                
-4205.812481760906   6477.606320339914    1        0.05                
