trucks_count 2
drones_count 2
customers 20
depot 0 0
Coordinate X         Coordinate Y         Dronable Demand
3665.1569186369134   -2508.4029389823163  1        0.05                
6841.750422382173    926.5726623986576    1        0.05                
-2774.039052656717   4686.974866849683    1        0.05                
-724.276985574854    -1286.2508396345208  1        0.05                
-6454.040423157167   4228.779796459892    1        0.05                
-2529.399851974161   7001.441469289147    1        0.05                
-5181.375479422882   4049.988007136218    1        0.05                
-6635.069755403212   -487.56648559397104  1        0.05                
-2276.3579114820423  4584.14024699947     1        0.05                
894.5270223319698    2263.511085429105    1        0.05                
774.1368520998813    -6558.018498775739   1        0.05                
3390.697435317866    2883.922630117408    1        0.05                
-970.9612928357687   -24.293172448183824  1        0.05                
6812.411389612259    -685.9611430733328   1        0.05                
-5100.163339344086   7620.334037320926    1        0.05                
4245.7319517236565   3878.8119888662122   1        0.05                
-6569.304059957898   -7366.309275079741   1        0.05                
-911.4443599510868   -218.60699523943467  1        0.05                
2734.4761156507134   7825.032105207223    1        0.05                
-3038.923641220547   -4073.8010430369304  1        0.05                
