trucks_count 2
drones_count 2
customers 20
depot 0 0
Coordinate X         Coordinate Y         Dronable Demand
932.5079567980939    863.5591836643824    1        0.05                
-942.8734096171713   -896.6867319819426   1        0.05                
-937.1550950942981   1926.1889886111874   1        0.05                
1285.473255737284    700.1783025966033    1        0.05                
-1585.7130003691618  1370.923274544558    1        0.05                
614.3493756422034    504.0389420902475    1        0.05                
-92.09252225324767   -1566.2936081426312  1        0.05                
-1426.293333243855   1956.9655302223869   1        0.05                
-1793.808828575093   1942.5296560614781   1        0.05                
1812.426757557426    -903.792603364686    1        0.05                
1317.2771537512842   237.605750134276     1        0.05                
1385.2025427592864   596.6998099816024    1        0.05                
1425.1688438675935   -940.5116917082463   1        0.05                
-197.78639810492749  -1394.2863944131357  1        0.05                
-1260.1911581969355  999.6545953950973    1        0.05                
1052.6355105814405   -120.2415600460914   1        0.05                
116.00585601186981   -1741.9471857321912  1        0.05                
519.3637453006038    362.0343623535179    1        0.05                
-313.61481567807255  -845.5960724752691   1        0.05                
638.1196181471619    -1417.8835133035643  1        0.05                
