trucks_count 2
drones_count 2
customers 20
depot 0 0
Coordinate X         Coordinate Y         Dronable Demand
1861.4118452693529   501.78281658153236   1        0.05                
-3084.2777313882216  1139.5999531921816   1        0.05                
862.0665768859126    3684.7235123243745   1        0.05                
456.89255549813885   -3297.085735447802   1        0.05                
3080.941269199922    -10.104123281251443  1        0.05                
-2624.65667062411    -2291.2728435983995  1        0.05                
-3133.8076594555127  1016.7885547463385   1        0.05                
-1116.0919966436595  769.7295644552693    1        0.05                
260.85329635025744   -3444.5616288983965  1        0.05                
-304.5231786361719   2095.3193209866195   1        0.05                
-2979.632906076458   -836.001943005534    1        0.05                
1756.8766934604148   1221.017466179754    1        0.05                
3373.7689839404006   1902.9407184832373   1        0.05                
-867.2306350701465   -1622.762462523977   1        0.05                
-735.5268088855075   -1375.7954150652154  1        0.05                
-3257.240663860033   -892.350929642054    1        0.05                
-1052.8066147600853  964.3544478921717    1        0.05                
872.6776204633704    1525.5495356017636   1        0.05                
-1299.6999946961328  -3750.791287402377   1        0.05                
1859.6835366593295   -64.77070829555292   1        0.05                
