trucks_count 2
drones_count 2
customers 20
depot 0 0
Coordinate X         Coordinate Y         Dronable Demand
1863.5743582085586   -3591.035733064954   1        0.05                
-3974.4991601148595  989.1559268795764    1        0.05                
-779.7594353967238   3785.3161672821398   1        0.05                
-3102.6950469349686  1130.719692917838    1        0.05                
-2279.8189728578513  3250.4063520840723   1        0.05                
-3531.323513403139   -1921.0023589689933  1        0.05                
-1364.0340425240329  1745.8429962032387   1        0.05                
-3767.32875058802    -2171.7695619320625  1        0.05                
1170.4507242499915   -3874.8090163235147  1        0.05                
2053.1027896523733   -3465.1033956429746  1        0.05                
1998.2193980899224   -1658.6139010221177  1        0.05                
755.6537766573787    -2014.2332895122456  1        0.05                
-1768.3098417447966  -1976.7777186755657  1        0.05                
-2193.575931753971   -3931.588658305353   1        0.05                
3021.57986262844     649.2673484480302    1        0.05                
1569.6062752106109   1108.1098280309739   1        0.05                
-3500.595690632894   -95.25493964589963   1        0.05                
2581.6475905081415   -2174.018950935073   1        0.05                
2322.462151364755    2312.9881501066566   1        0.05                
-1709.0630435596731  -1727.3685472445684  1        0.05                
