trucks_count 2
drones_count 2
customers 20
depot 0 0
Coordinate X         Coordinate Y         Dronable Demand
1865.73675124259     362.8454774782118    1        0.05                
3181.9794111585034   838.711900566971     1        0.05                
-2421.5855675845332  3885.9088222399064   1        0.05                
1384.4172307267488   -2488.174878716521   1        0.05                
406.1205452740268    -1535.783292455777   1        0.05                
3608.7096438178323   -1550.731874339587   1        0.05                
405.7394545022735    2474.897677470486    1        0.05                
1628.1343755624457   2933.4313116806056   1        0.05                
2080.0481521497254   3741.6435962513647   1        0.05                
-3635.9712420590818  -978.8259923673963   1        0.05                
-1070.6281778385223  -2481.2258590387005  1        0.05                
-245.56926005082974  2797.215954795756    1        0.05                
1136.3113325700049   2190.203844165631    1        0.05                
-3519.9211085326224  1806.28514591327     1        0.05                
-1268.0134658576123  2674.33023186645     1        0.05                
-1650.2466658135713  3108.5705857039998   1        0.05                
2098.31535339947     -1154.864207278798   1        0.05                
-3756.0825593522595  2173.11256252809     1        0.05                
-2102.0757025743565  330.06758761568955   1        0.05                
2768.890376221323    -3389.9662662884084  1        0.05                
