trucks_count 10
drones_count 4
customers 200
depot 0 0
Coordinate X         Coordinate Y         Dronable Demand
1820.328743728994    -2201.66781424357    1        0.05                
-2263.4754919849297  3998.0455508767927   1        0.05                
-130.03903333334156  1773.466636714916    1        0.05                
3715.4676753275853   1088.312991254187    1        0.05                
328.289442075036     2413.8034437751508   1        0.05                
-1491.3919234217435  -1279.715232269839   1        0.05                
3474.004171913599    3258.1593874466002   1        0.05                
977.2093566640306    331.3122305188179    1        0.05                
-928.099780807035    -3316.5697509150928  1        0.05                
3180.7908500679932   3136.258732072233    1        0.05                
-998.4308454947906   -1299.777971268798   1        0.05                
-3359.996598217798   -1682.821638868784   1        0.05                
-3533.842950689882   3197.2992111493445   1        0.05                
193.22916323375986   2011.4392974825234   1        0.05                
299.74813661030413   381.51206718415455   1        0.05                
1593.0703742033154   1332.3987056581625   1        0.05                
-2825.0209549129186  -3043.176071609153   1        0.05                
589.0494138757043    -602.949999390333    1        0.05                
2299.524945581219    1737.903479648268    1        0.05                
-2754.4379255775902  -662.2148530512823   1        0.05                
-900.6195823552633   -1267.5371721520532  1        0.05                
-3436.0335997917305  2641.974083794492    1        0.05                
-3125.301766417333   -3888.035826879684   1        0.05                
-2117.9886158211857  2614.104596299151    1        0.05                
2902.7461698378274   100.39865846871321   1        0.05                
3909.2443273092676   -3999.495453966319   1        0.05                
-2843.851419651048   -1822.6022337896475  1        0.05                
-2245.1954300225098  -2405.25063836366    1        0.05                
-183.7500959488357   -2229.9782636141117  1        0.05                
-749.91981710927     -3626.7827585194764  1        0.05                
1904.3277404401804   -361.873245550284    1        0.05                
58.315866003041435   2936.652991324065    1        0.05                
-1925.1858358123802  -3615.3863552267158  1        0.05                
-2495.630457655728   2083.0466058136167   1        0.05                
523.9698551392846    19.619277698922716   1        0.05                
3060.54439637913     -3502.07470144506    1        0.05                
3493.0530120842504   -87.96447497776282   1        0.05                
-3.2646573644339374  -355.6766490065915   1        0.05                
-1395.7745916245813  3921.736432065941    1        0.05                
3742.6546957807454   -1119.2271386347647  1        0.05                
-1561.8420225414945  3695.4971822157318   1        0.05                
2325.738845662401    361.25562722499876   1        0.05                
3633.818586153812    -3196.814657777143   1        0.05                
-1170.3819893792543  3740.9806217228797   1        0.05                
3690.2851631333097   -765.5096976993052   1        0.05                
1633.8724913126082   -1874.869525367822   1        0.05                
-945.2545384755472   -118.42938006557969  1        0.05                
3328.757198589257    288.9153630742186    1        0.05                
1905.6462034141275   3765.962483557964    1        0.05                
-743.0231415268875   -2725.438619941907   1        0.05                
-808.204177131827    -1042.3076975821828  1        0.05                
2085.634806876768    3491.493164695265    1        0.05                
294.14049765037544   -2031.7047401350505  1        0.05                
2776.4380768731967   1888.0546847114967   1        0.05                
4006.6978661145786   635.763256063568     1        0.05                
-684.9587285085812   -562.1715053092513   1        0.05                
3180.0110571378614   1119.603537783334    1        0.05                
-689.350173499235    2719.1402983575476   1        0.05                
2541.2038923570103   2701.470901689162    1        0.05                
1149.3286933694094   3013.2057210265534   1        0.05                
3076.2419869219952   -1948.2021736152585  1        0.05                
629.7356679473708    -2015.694179237877   1        0.05                
-3114.4000514514096  3382.0406833577736   1        0.05                
-398.7958639477575   -1450.146539735354   1        0.05                
2342.7791013201477   3558.969919294471    1        0.05                
3182.495840420746    3746.7704132727436   1        0.05                
2415.6771930281357   -2815.378059757825   1        0.05                
2197.9480205352083   832.7614642368779    1        0.05                
-2968.547346033356   2741.699211174704    1        0.05                
3853.1757096462975   1592.4239961405744   1        0.05                
-3865.353755116631   1569.957080824861    1        0.05                
-1343.6668791680613  -917.7003750115535   1        0.05                
-638.5575178559055   -3381.196574330447   1        0.05                
3050.935925610265    -3397.5929646826658  1        0.05                
2217.9131382385417   -2216.1081588168195  1        0.05                
-2630.8731418718694  -2848.280002717896   1        0.05                
-1758.7140149298104  -3904.509662494007   1        0.05                
-844.6130119823342   -3475.5859037778596  1        0.05                
-3084.720780376882   -915.1901951455461   1        0.05                
-1067.7038858611065  1075.2209393720516   1        0.05                
-1344.9716034346495  498.1530667183443    1        0.05                
2481.704202631748    -3366.7212935838907  1        0.05                
-1063.6777094515385  942.0280067860944    1        0.05                
-749.80513656663     -1776.466448094279   1        0.05                
-905.0838685132048   -3113.952673727603   1        0.05                
368.2068055172632    -1555.6378948476547  1        0.05                
3333.3604941108647   2303.075719716476    1        0.05                
2101.932646286376    -3535.848805660965   1        0.05                
-422.08889241673154  256.6510427583784    1        0.05                
-1889.441322780036   1929.342822211807    1        0.05                
-3739.760634709882   -2654.1444763044797  1        0.05                
-3088.0316214877644  -1397.9588204259182  1        0.05                
-4010.9306598290955  1873.8270096328108   1        0.05                
2971.711785984279    -602.0694966690119   1        0.05                
-1696.739453874804   -1933.9135211132204  1        0.05                
2308.9235629599534   -3408.6005737952146  1        0.05                
-3037.978768337419   -1276.73220637627    1        0.05                
3571.2720602454974   -790.9791952736001   1        0.05                
3613.373664585468    3209.4712601858478   1        0.05                
2468.1408379905897   -2411.4741498806607  1        0.05                
2946.153975619928    3511.222834346501    1        0.05                
-3042.0318899343874  2867.453934683518    1        0.05                
3937.5499982244974   -1960.8564034618082  1        0.05                
-2477.2172330457124  -2644.734528463515   1        0.05                
-235.82266566459282  -1003.7314834841819  1        0.05                
3014.8221380327273   3903.4945040534744   1        0.05                
-3034.6605785651527  -2991.5194885883875  1        0.05                
3085.714046161936    1597.008702627419    1        0.05                
2870.3111712206605   1611.880195557368    1        0.05                
-2200.096900423247   -3535.0449761857762  1        0.05                
-892.5901430816958   -3431.605132031875   1        0.05                
2905.526951493287    2697.976271422296    1        0.05                
3444.7761169139653   -2998.4322046569728  1        0.05                
3200.902652276044    -2354.679168555097   1        0.05                
2355.6674927421836   3066.872475579521    1        0.05                
3521.027565579339    -3655.654155682725   1        0.05                
-2624.214129711514   938.2522801764785    1        0.05                
-1035.345686175904   -942.6808560134301   1        0.05                
-50.877498752134045  2969.869740853303    1        0.05                
1816.266562581342    1824.981126567662    1        0.05                
-3454.9568871984575  202.92605861877863   1        0.05                
-912.8063895949131   -3483.7516591385775  1        0.05                
-3645.065435698356   127.73564019135408   1        0.05                
-1753.0095861723232  1519.2036206253754   1        0.05                
2299.93693783917     2754.1154606190644   1        0.05                
-1140.918086648611   -2750.928386810682   1        0.05                
-2458.717778278823   3409.714836386331    1        0.05                
3434.836791330926    -3283.7531375374947  1        0.05                
1462.8432938743622   43.504868281241976   1        0.05                
-2242.647894451778   605.9121618229875    1        0.05                
1658.8547838701174   916.773677885143     1        0.05                
1919.031231501124    -1284.8064444498584  1        0.05                
-3052.3919782301537  -1611.2349217656881  1        0.05                
-2399.9221837852065  -3469.0884371741863  1        0.05                
2201.0455494134417   -2783.410619516835   1        0.05                
-2210.25236297721    -537.645896325955    1        0.05                
-3460.62793344377    2726.1424783003695   1        0.05                
-3919.6369534330656  1909.2499214792576   1        0.05                
-380.5102544605634   -3076.7393471801256  1        0.05                
1385.52919958983     -1830.0708794451637  1        0.05                
-3952.0213161726706  -3000.2286233830055  1        0.05                
3843.2770425328135   2019.4490738273778   1        0.05                
1278.1422145712634   3018.8615043052373   1        0.05                
1311.7345996698882   -574.6072612223269   1        0.05                
1091.9248590038894   -2368.4506966441836  1        0.05                
615.1693185392144    2282.317576750986    1        0.05                
-2324.1800570493583  1753.3173361858044   1        0.05                
-1776.1559724007977  2908.400495053794    1        0.05                
3022.2936420652345   -979.6257341592553   1        0.05                
3389.8484894852268   1208.6195849172152   1        0.05                
-572.2344643341609   2519.723375703254    1        0.05                
-208.37023772591488  -3214.70270464127    1        0.05                
1523.9492562836542   168.66413692406834   1        0.05                
1246.6631722740376   1222.9044371094683   1        0.05                
2235.3543339970556   -65.77388717451213   1        0.05                
-3039.0124695833215  -961.8095639757352   1        0.05                
-2549.844959085736   3805.4397953443095   1        0.05                
2225.445136761028    -2986.8995108508116  1        0.05                
-3478.616801861057   -1061.933399551719   1        0.05                
-2042.7282959954914  -2135.737175387466   1        0.05                
147.5741678876082    76.04932019268475    1        0.05                
3160.3959651256064   1756.2694163870829   1        0.05                
1614.1420938022263   2337.786877074948    1        0.05                
3352.693076856383    -3663.3098224053692  1        0.05                
-3032.0280065969882  3195.6554577394486   1        0.05                
-849.6452383953634   2589.805722029927    1        0.05                
-243.89205678019562  -3006.161747033425   1        0.05                
-1358.3828779711182  -3630.5997836065785  1        0.05                
1644.0615432410898   248.88618076185668   1        0.05                
-3544.7903895394406  2239.1161155094765   1        0.05                
-731.2180004352032   -992.0071613242621   1        0.05                
534.0075861950501    -1570.4853588238427  1        0.05                
478.29147231531965   1233.5658823116253   1        0.05                
654.9306838384523    -2062.536982462302   1        0.05                
-2457.8521929035396  998.5164574288891    1        0.05                
55.970205117255794   -3119.3274965160713  1        0.05                
1535.936318604456    1250.611100849689    1        0.05                
188.0267381413695    -1778.0308657411615  1        0.05                
759.7940036782372    2514.305759136017    1        0.05                
-397.9589633305783   -879.2418448069997   1        0.05                
-2255.4308885814594  3704.4080788751626   1        0.05                
-2426.8974591382034  1161.9473571425333   1        0.05                
-224.3026506927377   -1136.1740011838615  1        0.05                
3121.614555237018    116.9096370692095    1        0.05                
810.9573531950014    3929.671375662913    1        0.05                
3822.961124797044    2416.669094053354    1        0.05                
2726.669637772227    -3244.027582877294   1        0.05                
3696.477322910188    -3171.6294354950037  1        0.05                
-2908.940203142785   1641.9075509430843   1        0.05                
74.60625328791402    -3087.66135450575    1        0.05                
-343.69240785144916  -3597.5461559440237  1        0.05                
-3327.037618701579   -1739.7753888519965  1        0.05                
-1582.3920843366518  -2045.4804570271801  1        0.05                
-793.9711264969758   2301.788170324908    1        0.05                
-31.957313458653495  432.09894553152645   1        0.05                
-1768.0743770258068  2984.4919309411553   1        0.05                
-1212.652071193291   -2920.646040748568   1        0.05                
2248.4154594229963   3622.895818922683    1        0.05                
1889.697189113422    -2686.595306864273   1        0.05                
999.4267205132647    -3567.730982607376   1        0.05                
