trucks_count 3
drones_count 3
customers 50
depot 0 0
Coordinate X         Coordinate Y         Dronable Demand
3659.390217465699    -7687.619580367542   1        0.05                
-1513.258941139895   -4036.710014037842   1        0.05                
1604.1637267004264   4418.727627088742    1        0.05                
-7325.4432192130025  -2364.7987285463428  1        0.05                
-2887.6125514456253  6263.018528819027    1        0.05                
-5476.088431103651   -4714.879743119154   1        0.05                
6192.628288696619    7470.309336710921    1        0.05                
5799.361668385197    7356.431024898679    1        0.05                
662.5158539290147    5731.466453592885    1        0.05                
-5392.475639707598   -4366.561670225309   1        0.05                
-1771.2025457403527  1000.0801358719327   1        0.05                
-4668.308279747603   6146.7917116466515   1        0.05                
-3352.1511709453575  -407.3105134844761   1        0.05                
-379.60139237455274  -5258.024620989662   1        0.05                
974.2856165555019    2220.1666679522714   1        0.05                
2103.073207724925    -6820.21645845151    1        0.05                
-5406.33319096374    6188.248931814882    1        0.05                
5260.235799866303    4282.442302192132    1        0.05                
-1560.1562738449888  7748.353525246351    1        0.05                
1113.2672393634632   359.7931142236598    1        0.05                
-3327.354850751781   -5396.828375281163   1        0.05                
-297.6762624321938   838.3038284249161    1        0.05                
-6083.053006800134   3061.8767168016816   1        0.05                
1316.9111546188149   -175.17706439445817  1        0.05                
6478.921595125315    -3504.8608596633403  1        0.05                
6587.795269096368    1162.3412309372627   1        0.05                
3192.8134377346864   1686.286645948268    1        0.05                
1638.266874786594    4129.971589317196    1        0.05                
-7397.662294427537   -5812.301029713193   1        0.05                
4356.73541093258     -3823.0799289260544  1        0.05                
6588.946693420618    -6581.118802955843   1        0.05                
4381.566978552429    -2989.844430010507   1        0.05                
-7923.039175222548   -4590.802452834177   1        0.05                
3560.644885687358    -6835.352973730448   1        0.05                
-3382.8905803954094  2754.2133679284843   1        0.05                
-2476.7334642256365  -7550.019187831734   1        0.05                
7695.780727073353    -3050.4681205813004  1        0.05                
519.7537228596148    -2831.2740060570272  1        0.05                
552.2214463908167    -8029.435304995585   1        0.05                
-5600.105415661445   4799.858039456947    1        0.05                
-3080.5129499856225  6215.426631205562    1        0.05                
-7600.712319845745   4023.3097542524383   1        0.05                
5501.886609585185    3165.695622133073    1        0.05                
-6002.389114368545   2358.6639722826512   1        0.05                
-7387.180997602155   -16.27306505435769   1        0.05                
-2622.2133539755728  -3032.8522087630863  1        0.05                
3233.445997314294    112.96142234700321   1        0.05                
-1362.6381565353836  -2689.7483682745938  1        0.05                
-6493.002460827913   5426.816648857582    1        0.05                
7487.176822015569    3167.429672818003    1        0.05                
