trucks_count 3
drones_count 3
customers 50
depot 0 0
Coordinate X         Coordinate Y         Dronable Demand
1831.8576216720546   110.07142035939418   1        0.05                
-1646.8510192017582  -2168.799033331527   1        0.05                
-839.7441489324227   2309.956588407311    1        0.05                
824.3907879603913    3245.4061839976416   1        0.05                
1242.1332424090656   -1654.6801403199881  1        0.05                
-3644.710818520505   -1987.1693869301703  1        0.05                
-3180.6123586253834  -3582.4908901876393  1        0.05                
248.44408024823727   736.716386062009     1        0.05                
1240.8553548642415   2435.4858393713243   1        0.05                
-338.61173166008075  302.9964482577511    1        0.05                
-3954.448968703795   -322.5718900806173   1        0.05                
-3335.377056676837   -161.85501977384732  1        0.05                
1228.5455888421238   3963.3263060989575   1        0.05                
-1516.1459928711013  3108.861493723792    1        0.05                
-3802.4505202083014  3135.1460974893807   1        0.05                
-2168.3163371617197  -1409.6474715527288  1        0.05                
2895.74432864532     2034.515078369369    1        0.05                
-3707.6121300220757  -1558.3473354407702  1        0.05                
2842.0840091383943   1891.2562001322094   1        0.05                
-3012.1129605372726  -1482.7012818371854  1        0.05                
-2458.745099596656   2542.175014059925    1        0.05                
-628.2103785161456   1144.148175169022    1        0.05                
691.6660877102186    -2789.3237027403466  1        0.05                
-1176.7354114273644  3002.8068698310403   1        0.05                
2079.2120657634323   4009.76294274005     1        0.05                
3770.8736062371363   -2694.5934562780735  1        0.05                
1383.1261320343274   3315.2450245818013   1        0.05                
-3425.5304471194136  1239.646631951259    1        0.05                
2917.719246352807    -1824.2376611518118  1        0.05                
-240.75871789039257  960.1908524445414    1        0.05                
1139.3696065609765   -1490.5025680990161  1        0.05                
825.9607495681888    -1898.6148366733028  1        0.05                
-3193.4900653022564  -2609.768362616013   1        0.05                
-2184.7359838748375  -2211.165273443331   1        0.05                
-2821.6716170042223  1690.372992069679    1        0.05                
3340.3708706416223   -2600.0426578567144  1        0.05                
3929.7779558192406   -3713.8424673626946  1        0.05                
-298.3751160909916   -2898.197270285598   1        0.05                
2518.86041677627     -3370.297096469512   1        0.05                
641.9092964627267    -1120.797216381376   1        0.05                
940.6315555699962    496.16523838936905   1        0.05                
-881.2307071422936   3011.4934373359088   1        0.05                
-1166.6566358460304  -2265.9703758851088  1        0.05                
909.1479236409742    -3125.6771562917365  1        0.05                
3268.1172988893645   -2309.2662688492733  1        0.05                
-133.78563092256874  -2671.663313375398   1        0.05                
351.0172358517716    3810.7059382344178   1        0.05                
2107.1421056268637   754.0051508132048    1        0.05                
2992.2658763168333   3708.46723544033     1        0.05                
-791.8324722414408   2578.1331447594825   1        0.05                
