trucks_count 3
drones_count 3
customers 50
depot 0 0
Coordinate X         Coordinate Y         Dronable Demand
1834.0201346112606   -3982.7471292870914  1        0.05                
-2537.072447928396   -2319.242939738959   1        0.05                
-2481.570281120232   2410.5492433650766   1        0.05                
-2735.1969343778906  -373.4883876367181   1        0.05                
3928.072880446118    1605.8302151401617   1        0.05                
3495.3223387004655   -1616.8989023007641  1        0.05                
-1410.8388615990773  -2853.4362089203923  1        0.05                
-2402.7927936012966  -2204.7826204201488  1        0.05                
2150.452662858802    2005.2384519462064   1        0.05                
2019.0142366284645   2789.2737316281546   1        0.05                
1023.4034553677598   -1145.183848097201   1        0.05                
3710.1000265201264   -3397.105895371019   1        0.05                
-3913.5331169379006  83.60774903498151    1        0.05                
-2842.4911696497525  800.0352979424157    1        0.05                
-45.34396859952699   -2886.4911389973727  1        0.05                
2658.530721814098    590.8132861202977    1        0.05                
447.95525277251147   974.9058107364722    1        0.05                
-1998.6421599773034  2788.784178022391    1        0.05                
-1582.453844800717   -91.66436235875682   1        0.05                
1465.8404592437244   -3145.2990008810266  1        0.05                
-3253.8127738174217  -263.93566433439514  1        0.05                
-1107.5826258161942  1869.1445560307593   1        0.05                
-3621.8413211794946  937.1142361184665    1        0.05                
-3011.926400164136   -1953.4977281406889  1        0.05                
918.9630941538596    1725.2561954065984   1        0.05                
-3798.850302168737   2076.3427117855686   1        0.05                
1169.8456651064853   -2259.35327381053    1        0.05                
376.50578827304923   414.3074692439209    1        0.05                
1487.569639919383    -742.3248074470262   1        0.05                
-2659.885141247075   3831.9217892572833   1        0.05                
-1015.7341335883552  309.55426527988806   1        0.05                
-538.8621100450098   -2302.3073384361774  1        0.05                
-2425.460662898412   -2924.135498814936   1        0.05                
1896.905589406644    -1004.6539401162637  1        0.05                
-3951.8978239055664  2003.6393001751157   1        0.05                
-127.59152660393596  -1425.0758417027369  1        0.05                
4011.6655481018033   2144.2491255652617   1        0.05                
-856.6270936117905   3665.9423425521427   1        0.05                
-3285.089889642869   -2725.876540441231   1        0.05                
-3962.8288191489983  3405.1765475087755   1        0.05                
3421.5197060379783   -2115.38271891887    1        0.05                
2037.894865543459    4011.331997545599    1        0.05                
2962.4434235153462   1931.9114371632468   1        0.05                
-3227.2094756286056  616.0137012752012    1        0.05                
2183.124976674633    3436.3038749234584   1        0.05                
1043.5355350478228   -3826.9005223692534  1        0.05                
-914.6885269536052   -481.76871479949335  1        0.05                
-3151.0965905734056  2852.8847255740557   1        0.05                
1184.3329830476252   -3343.1739734533044  1        0.05                
2719.4466445093317   3572.5515730151355   1        0.05                
