trucks_count 3
drones_count 3
customers 50
depot 0 0
Coordinate X         Coordinate Y         Dronable Demand
1833.2991770596848   -2618.4742394365385  1        0.05                
441.9013216787585    3095.3716957301845   1        0.05                
-1934.2949037242956  2377.018278442373    1        0.05                
-1548.6676536300715  3515.043096273011    1        0.05                
350.52633443376607   -2163.2398234097723  1        0.05                
1115.311206356692    941.9109761244913    1        0.05                
-2000.763360607846   -414.2211026761412   1        0.05                
1163.1862842537225   -1224.2829915611542  1        0.05                
-3517.2130265359356  2148.654287722971    1        0.05                
1233.1388738972244   1960.5146371713533   1        0.05                
-3318.1140592911497  1811.2533913048776   1        0.05                
-1320.625747815643   3045.7777697964284   1        0.05                
-2199.5068816778935  -3987.6193586419686  1        0.05                
281.8572625781889    -3794.8226367971247  1        0.05                
-1297.7129390409586  -3561.512060168455   1        0.05                
-1632.6517111146236  -2758.2402997707104  1        0.05                
-1418.3483886032184  -1354.1244733542865  1        0.05                
2796.1678899761628   1339.7403402013379   1        0.05                
-107.60789348768014  -2112.9242148301596  1        0.05                
-26.810680683274327  -2591.0997611997464  1        0.05                
2375.6764908912246   -2010.79881150468    1        0.05                
1734.4414566171552   -1054.7541976214288  1        0.05                
3180.461068513626    2377.2017097373687   1        0.05                
2964.2705960814546   -2983.629488848387   1        0.05                
3987.9460846903835   2486.758404549358    1        0.05                
-1275.6089593983877  486.03065576435455   1        0.05                
3923.172487415766    -3083.387134378028   1        0.05                
-3573.0729168893804  689.4204835113095    1        0.05                
-717.9471579361417   -3785.195718713563   1        0.05                
828.7237464752683    -2489.788602950414   1        0.05                
-2979.5996734437513  2391.768654153587    1        0.05                
-83.92107690382844   514.4900822146644    1        0.05                
2682.9963228721463   2545.1201732829795   1        0.05                
-2145.8749350205167  1275.4089487747142   1        0.05                
1789.3109516966063   1899.217197473304    1        0.05                
-1653.8373542203587  3547.735259547662    1        0.05                
3984.3697639443985   2873.7853012243336   1        0.05                
-3352.7763944697995  -1204.337488425379   1        0.05                
4014.026799226729    -258.4500990857165   1        0.05                
254.31729932502637   1896.5185862436665   1        0.05                
-2769.9097174197395  -3927.100106451181   1        0.05                
3747.0863812832663   -1686.4142691277477  1        0.05                
-3778.38984966833    -2149.6158338528717  1        0.05                
-1848.423595935296   2051.0168286896715   1        0.05                
-2819.677582587123   1521.1139069359972   1        0.05                
651.0950664542427    -759.5882392764746   1        0.05                
-492.7865260816974   -1733.1772437249724  1        0.05                
3966.116268191626    -3211.208505981286   1        0.05                
-895.2560125609147   1689.606469479632    1        0.05                
-3815.4463544392015  3241.0787236281926   1        0.05                
