trucks_count 3
drones_count 3
customers 50
depot 0 0
Coordinate X         Coordinate Y         Dronable Demand
3653.6235162944854   3226.5635384368834   1        0.05                
6225.131695338036    7093.4073095256545   1        0.05                
5982.366506057573    4150.480627138148    1        0.05                
2166.7907869591963   -3443.3466174581663  1        0.05                
678.8150804555677    -7796.142499011491   1        0.05                
7670.62298976686     -337.80095552745536  1        0.05                
1473.2322966264692   -5202.769813335073   1        0.05                
2140.393092173608    -892.9717044190131   1        0.05                
3601.3893795297254   6878.7928999966525   1        0.05                
4413.921698252832    5096.765574120277    1        0.05                
-4316.54242320128    -7535.221229480396   1        0.05                
3366.0860051869263   -6683.739686444803   1        0.05                
-5733.341049054945   -790.3280943311158   1        0.05                
-7571.61393455102    6263.311661283659    1        0.05                
7048.73457245509     -3180.0009412267323  1        0.05                
-39.58529646345913   -1425.8451455795832  1        0.05                
-4243.362561779931   3649.4071387095078   1        0.05                
-4661.484280126652   -7309.907920755607   1        0.05                
-5854.78866334069    7671.674945285481    1        0.05                
5265.458119947472    4793.387031673903    1        0.05                
-6571.6407330826105  -3278.3330730227444  1        0.05                
6345.116397034601    -6459.486680413283   1        0.05                
55.167069986233656   -1510.8244534884868  1        0.05                
846.2871245835415    7677.168370323258    1        0.05                
-1156.0147203928345  2587.156813478735    1        0.05                
-5413.074228551181   4533.245022577896    1        0.05                
-6967.371743980719   -4905.984718212409   1        0.05                
2228.436993676807    6330.875703456301    1        0.05                
7145.003082917913    2031.5314403441596   1        0.05                
78.8055534699328     -6116.562347156582   1        0.05                
6971.423333818835    -6016.803691966256   1        0.05                
8021.094524250844    3451.135654627273    1        0.05                
757.8152720798395    6976.442923949158    1        0.05                
3405.2009300804207   -4688.24962279228    1        0.05                
-5733.42037557803    1918.8363065036378   1        0.05                
1406.6996750326368   45.66914255075811    1        0.05                
7477.414214003766    2785.821044880935    1        0.05                
-3356.0409238148027  6486.6868665020975   1        0.05                
-5428.444323221364   -4383.423534341119   1        0.05                
-4049.737427110645   -7269.405650663918   1        0.05                
-4331.747858026675   7815.088010567762    1        0.05                
6072.819566262365    6721.540580107067    1        0.05                
-144.58029531526785  2700.2774540041273   1        0.05                
5027.897203746885    -2254.711967642979   1        0.05                
870.5985283037944    755.6059919942115    1        0.05                
-5761.736383293167   5412.247015220525    1        0.05                
6608.6610450481685   6195.093670563867    1        0.05                
7294.865193205565    -2922.2937410966274  1        0.05                
-7036.314665506574   -2591.1402872996237  1        0.05                
3488.232350806612    515.6471175328114    1        0.05                
