trucks_count 3
drones_count 3
customers 50
depot 0 0
Coordinate X         Coordinate Y         Dronable Demand
3657.948542172897    -4959.073800666435   1        0.05                
4444.688837884762    6792.519256900446    1        0.05                
2698.7144814923004   4351.665937053683    1        0.05                
-4952.3846577173645  5412.264239273114    1        0.05                
6050.694356529672    -1275.1215482808411  1        0.05                
5857.2897838294975   402.73977392100875   1        0.05                
5012.779290679084    -3744.660450800577   1        0.05                
-3162.080415715114   -6775.969717383329   1        0.05                
5420.584235329192    6018.298125146415    1        0.05                
-6964.226125359731   -6024.079859138913   1        0.05                
5639.16218513148     6912.954854486436    1        0.05                
1363.640411391203    2939.1585623608526   1        0.05                
75.90129957466023    7543.635031351277    1        0.05                
5869.09547208133     1645.6592697209085   1        0.05                
-1530.4523243273595  870.1248256101078    1        0.05                
-6479.291178511823   2575.0763697664697   1        0.05                
6954.459526284798    1530.1883636333653   1        0.05                
-1243.5443400371084  1384.3548663603713   1        0.05                
1389.535628781088    3705.833820303546    1        0.05                
-1872.035040490535   1468.191593586221    1        0.05                
7931.623678665513    7202.845330378268    1        0.05                
5386.371902434504    -5009.493918689806   1        0.05                
7521.552252206805    5942.05142422914     1        0.05                
-2824.0948528900035  -2235.440825620202   1        0.05                
-3476.512423801633   -1981.8564413778229  1        0.05                
-4459.122285173277   -2018.2828811051656  1        0.05                
-7393.932917646751   38.21868500292664    1        0.05                
-6260.890535538266   4680.197617851973    1        0.05                
4284.704109861413    4195.35714775373     1        0.05                
-4759.447053433081   -373.10071334144607  1        0.05                
2661.215853520171    -2416.6900252084456  1        0.05                
5291.449044834793    2643.7506511015245   1        0.05                
2293.8743166978747   6347.708891361658    1        0.05                
-4524.916163166962   -2275.2271959484933  1        0.05                
-7993.873029191065   2545.3689227145114   1        0.05                
-5529.2253592688285  2395.6027748587153   1        0.05                
7641.189158758543    -1591.395769263156   1        0.05                
-4472.544878856403   3521.566092177579    1        0.05                
-942.9449360596419   -3094.582422284556   1        0.05                
2834.1868212866025   1782.5421169267297   1        0.05                
630.028442909287     2591.99185614094     1        0.05                
-4182.3295281764795  -7372.182539283903   1        0.05                
-7979.780176592512   -4997.358919899164   1        0.05                
-3244.817594792273   5228.669987301244    1        0.05                
-1299.386116125668   -3846.6532408396292  1        0.05                
-3407.0940513523838  3101.772597232816    1        0.05                
4077.249759247762    -2389.8556355039545  1        0.05                
-3221.61243900532    1275.4651686147233   1        0.05                
5441.219787765355    -601.0227050868941   1        0.05                
-5582.609415691842   2504.483974044118    1        0.05                
