trucks_count 3
drones_count 3
customers 50
depot 0 0
Coordinate X         Coordinate Y         Dronable Demand
7324.546656481919    5897.377240839792    1        0.05                
5328.491001621583    12983.262408550467   1        0.05                
-1169.8750861459446  9105.702973559122    1        0.05                
8043.6802748328355   -3651.049328370516   1        0.05                
-9341.653214413142   10491.798325278916   1        0.05                
8087.912196542885    2286.5614863596466   1        0.05                
-15082.14743053661   -4573.1031357735565  1        0.05                
15257.691673171634   6868.864539304709    1        0.05                
14479.55818225732    10315.606220971662   1        0.05                
-4497.948377565283   -2103.050584796204   1        0.05                
-997.065933450816    10535.461397285842   1        0.05                
-1277.6108444297383  -7062.685418425592   1        0.05                
11770.287776029223   -431.60368593265844  1        0.05                
6432.810237048054    -5943.986243683692   1        0.05                
11967.52203740107    9840.500705273198    1        0.05                
6348.805399258929    13151.995770225049   1        0.05                
4117.762749078361    -1178.0603432648625  1        0.05                
4348.791200104873    -12029.564693047298  1        0.05                
-14919.080158194272  -520.0146093567723   1        0.05                
14167.743118522221   -3714.0076890029245  1        0.05                
12682.976660447961   3181.247947179256    1        0.05                
8855.254815668815    -7119.002313932663   1        0.05                
-2210.925610765942   -5396.944916485776   1        0.05                
-12988.953660727093  7890.700436493372    1        0.05                
-11594.020254420866  -13101.739392468759  1        0.05                
-7010.340203970054   15047.178430423546   1        0.05                
-15640.988182625568  9964.844176436523    1        0.05                
2686.363390872626    6059.03858487459     1        0.05                
2848.809793989129    12718.365710326605   1        0.05                
12991.400199707106   10740.722320568071   1        0.05                
-3297.9832535569853  2366.847283098728    1        0.05                
5123.606651216789    3672.7312951515514   1        0.05                
7659.867202252514    11437.949237927614   1        0.05                
7276.733966792004    275.59094141128077   1        0.05                
11678.148634391799   6343.803077850771    1        0.05                
7256.499692480104    9491.073773574733    1        0.05                
15609.928686647338   -11937.225166814487  1        0.05                
-11178.097667796     1112.8911153268207   1        0.05                
7085.108902204163    -3611.482620455989   1        0.05                
-12750.578819873694  -10517.820710585935  1        0.05                
11183.609008069807   -5262.2085965717715  1        0.05                
3311.8437140107485   -10745.01083772905   1        0.05                
556.8403638811714    6796.809412395092    1        0.05                
9151.735213337133    -6762.6965951297625  1        0.05                
-6938.741521110263   15288.97409341167    1        0.05                
-2104.903918443895   1582.5963584902133   1        0.05                
3091.67646727402     10237.189637235755   1        0.05                
4710.6203371882775   10946.448156652152   1        0.05                
3650.7075228331773   2778.1907134930666   1        0.05                
2879.8981152401025   8986.641181490157    1        0.05                
