trucks_count 3
drones_count 3
customers 50
depot 0 0
Coordinate X         Coordinate Y         Dronable Demand
3660.8318927585033   5677.234639931348    1        0.05                
-7471.206720164551   1227.4607150238696   1        0.05                
509.612971908554     4485.789556934151    1        0.05                
6394.898459101707    5951.5383036342      1        0.05                
4267.480300768727    -2292.2409144604094  1        0.05                
-716.0661664161056   6260.900500030334    1        0.05                
7372.477286714158    2591.878644601724    1        0.05                
-1332.596247514493   5395.431527370343    1        0.05                
-4095.5527672815087  5444.6347820393585   1        0.05                
-3820.724674434772   -2709.043481311706   1        0.05                
6911.832243767119    -4912.794582742572   1        0.05                
5393.143029113589    -6738.975618688246   1        0.05                
-6780.203641465374   7735.143701869422    1        0.05                
-6628.298256830437   3931.691008679071    1        0.05                
3479.0233176280185   3570.208510294435    1        0.05                
-5407.962166227979   -122.10904685914706  1        0.05                
-1673.7259082122794  -5247.0905000036     1        0.05                
-4329.3843000406305  7180.52997783424     1        0.05                
-4509.848176471062   -4302.526769810844   1        0.05                
4098.569519217461    -748.6056049492503   1        0.05                
1507.0668596412734   -1903.1020809405943  1        0.05                
-5981.724427298893   6686.101095918943    1        0.05                
-3594.2580259967253  181.70200937422453   1        0.05                
5457.917162127633    1885.0866968312885   1        0.05                
340.9558538626154    -5027.86527794886    1        0.05                
1541.3125835556716   4342.965342979691    1        0.05                
-2313.840206883874   3334.3543670832646   1        0.05                
-6555.9757148885465  3579.745320972071    1        0.05                
-2986.628698716487   273.4410326302267    1        0.05                
-2620.482364512107   -7273.059384321007   1        0.05                
-5576.722706489285   5347.852419296759    1        0.05                
3471.6851520804107   7469.960488877459    1        0.05                
-2046.5529069533193  564.0862029699897    1        0.05                
-4447.194065458319   4697.921248487596    1        0.05                
1228.091868400244    2963.057333521762    1        0.05                
575.7581910072087    -1402.2411505221833  1        0.05                
7750.372535198512    -4509.540471899446   1        0.05                
5512.05256438598     6909.285895708365    1        0.05                
2047.3878288412755   3129.1118122933826   1        0.05                
2059.0025872008528   7817.173722176814    1        0.05                
-6791.054342880532   -6254.53883354016    1        0.05                
5074.304648674642    -674.5979522112165   1        0.05                
2890.153395762887    -4764.649835834691   1        0.05                
7333.439126244836    -511.34228254628886  1        0.05                
2618.4243607317044   3814.106870920564    1        0.05                
-1837.3326565987602  6925.92298524101     1        0.05                
2389.6422353808257   2615.778240387614    1        0.05                
496.3361259345499    -6654.962144974259   1        0.05                
-2333.824469610836   -4638.743997197941   1        0.05                
4463.562819912637    3830.375131781542    1        0.05                
