trucks_count 3
drones_count 3
customers 50
depot 0 0
Coordinate X         Coordinate Y         Dronable Demand
10969.520600640277   -6691.584782327031   1        0.05                
-17072.290868702785  4585.045583516199    1        0.05                
11379.794989421478   12853.812021624813   1        0.05                
-7737.978288665186   -8712.218378722282   1        0.05                
-3313.196925916128   21840.41440442683    1        0.05                
3291.8025574258586   16561.07859231456    1        0.05                
11498.790158553593   3401.3092850637704   1        0.05                
11909.632500553727   -14444.910659564976  1        0.05                
-17744.24286924293   18915.38939009983    1        0.05                
22672.269447533374   -23044.79414415755   1        0.05                
-9131.61781312797    -9802.711280697173   1        0.05                
22186.766588158986   -805.422321912749    1        0.05                
10511.862029715072   -1796.4582714389085  1        0.05                
-11926.822990388362  -22632.16979927452   1        0.05                
-12105.569356768587  -1439.7510501961706  1        0.05                
3095.2325863232413   -12369.091686615602  1        0.05                
9665.556730600014    -9383.616613644454   1        0.05                
-23241.97272039052   -4541.198427845213   1        0.05                
13017.682594221485   -1010.0569344867306  1        0.05                
-14572.011961033593  7729.770218846343    1        0.05                
9291.606624248408    11127.358546975178   1        0.05                
-15068.939798096388  15708.325722017453   1        0.05                
15098.271814210188   -21813.521605030204  1        0.05                
-20895.302581196465  -12887.112321675757  1        0.05                
7984.359952383205    -1376.5560692769122  1        0.05                
1762.0812011022676   -15596.720979442785  1        0.05                
-5661.837819084569   -4829.5471083962075  1        0.05                
5800.056162410622    15691.270939160242   1        0.05                
-378.98845754891613  -5671.154743769072   1        0.05                
6653.31144660377     9230.636945591566    1        0.05                
-3799.5449591408224  5243.216977047895    1        0.05                
18603.991894489387   -23448.162803359326  1        0.05                
-10747.835854714063  3578.4607066724743   1        0.05                
10448.768363936153   6854.696464931422    1        0.05                
10465.633566039842   7009.574871363705    1        0.05                
22535.04895649498    -11256.525067921464  1        0.05                
22759.792051900156   -396.97097326607326  1        0.05                
19885.669558282738   -18656.98142876344   1        0.05                
-7314.333955530299   5520.812100710464    1        0.05                
-14474.76354472709   -3704.322136241499   1        0.05                
13021.708787981552   -3094.3287567710504  1        0.05                
-2291.8394900905932  -8022.824498460745   1        0.05                
-16104.140168879596  8798.959614205798    1        0.05                
-1461.7382256480123  -23984.171993040494  1        0.05                
14365.226296052455   -23031.10096930574   1        0.05                
-12575.924965618631  -20571.00779031384   1        0.05                
14763.160563543686   -14678.017360633688  1        0.05                
-15241.759444994726  15722.036116512121   1        0.05                
3846.12467021379     -19886.585457663063  1        0.05                
-7676.986240766727   5524.614825810704    1        0.05                
