trucks_count 3
drones_count 3
customers 50
depot 0 0
Coordinate X         Coordinate Y         Dronable Demand
5482.597787380935    747.0262783881457    1        0.05                
400.77587447006886   -5603.732942118946   1        0.05                
7331.723626898547    6326.313475759815    1        0.05                
-309.40166180465917  7309.485262368041    1        0.05                
11750.861899004882   -387.00327315190987  1        0.05                
-5494.13211831839    -8183.1310685669505  1        0.05                
3979.6219419660097   9018.299961264638    1        0.05                
-7487.347235589122   -4280.956443205505   1        0.05                
-1735.0185028056794  9887.941842664686    1        0.05                
8978.508635572965    10131.425644550822   1        0.05                
6549.738549459287    3967.9564375731707   1        0.05                
-3998.7936692122967  -5214.160525169551   1        0.05                
10398.00972063756    11028.189181534177   1        0.05                
3409.633441774125    -960.5587038558842   1        0.05                
-9809.891229993069   -2744.9386483268527  1        0.05                
-11325.930645909022  7908.39339901917     1        0.05                
-766.1325588271826   -11678.898799378981  1        0.05                
2763.4434299496197   -6617.73072738577    1        0.05                
10933.379151049854   -6568.808024657573   1        0.05                
-11763.959400297794  5527.482828467013    1        0.05                
-2605.8288937498555  323.08983197673564   1        0.05                
991.602348251856     -917.5337596633603   1        0.05                
3815.943076184461    -6586.499101089437   1        0.05                
7480.939698138538    -9533.951802676498   1        0.05                
-10940.971052198824  1596.2289525053432   1        0.05                
8450.76462886218     11570.803701930487   1        0.05                
5429.0615573855575   -4886.87549561612    1        0.05                
-8948.708034281979   8670.97487209781     1        0.05                
-6806.044982056554   -11964.189745968624  1        0.05                
-10347.617973246608  9790.287296172692    1        0.05                
-7791.368739421079   8868.251295429522    1        0.05                
10666.819046668239   -3273.688780011616   1        0.05                
9951.4523105236      -5943.102630370013   1        0.05                
-6903.957391313409   10267.536539423123   1        0.05                
-1683.656890173564   3191.520767860892    1        0.05                
6688.78699539822     9290.170769790464    1        0.05                
11298.008673477862   1990.1230403441805   1        0.05                
2454.3865168518196   200.77015240123396   1        0.05                
-5899.91691115636    10162.685734137298   1        0.05                
5414.055863627482    -6378.134951916076   1        0.05                
-12063.433516666857  -6982.316181266939   1        0.05                
3981.6544424586027   3035.449310465114    1        0.05                
-4134.470263706352   -7845.102005945454   1        0.05                
3405.4885262559183   -7687.076973992358   1        0.05                
-7825.79452975904    6878.979251669222    1        0.05                
-7465.283528874531   -1083.5666861630643  1        0.05                
8647.28628438757     -11093.23390737776   1        0.05                
-10409.340786486746  -10331.261276694438  1        0.05                
-4315.704651718722   5155.048599967277    1        0.05                
696.9278827710367    1767.888864744525    1        0.05                
