trucks_count 3
drones_count 3
customers 50
depot 0 0
Coordinate X         Coordinate Y         Dronable Demand
5478.272761502523    8932.663977206987    1        0.05                
-5865.481148171482   2743.8548706959164   1        0.05                
10615.375891274169   6125.128045939111    1        0.05                
6809.77366296673     6500.574525541934    1        0.05                
-9714.417017353699   1138.6757761174397   1        0.05                
4365.901447334492    7169.727842269063    1        0.05                
440.0745881978769    -486.509401269857    1        0.05                
-10231.573487890055  1602.0413299484637   1        0.05                
-11600.913358605147  10748.43649760975    1        0.05                
4263.25681890105     5158.871077810012    1        0.05                
4640.734180936871    -2433.5197662988385  1        0.05                
-10043.0479555114    9303.041465835138    1        0.05                
-3457.9328678023935  10740.926175756953   1        0.05                
-1984.375964858227   -4389.606672008656   1        0.05                
6815.995307073862    -6795.0641753533455  1        0.05                
11207.175116234168   11954.171883673118   1        0.05                
-11963.954407081565  -1512.9801442080125  1        0.05                
7392.203729670422    8828.106605403424    1        0.05                
-4357.645141071921   5443.733220229533    1        0.05                
3420.2337601402123   8852.678266554696    1        0.05                
7031.006694502023    -10158.088331613928  1        0.05                
-6096.353157148048   5679.1737184235135   1        0.05                
-3650.4418662257617  2054.0250211929388   1        0.05                
-4942.077964672395   8425.35763307731     1        0.05                
7472.926531304801    6165.241847646381    1        0.05                
-549.8876742312445   2028.9317255187214   1        0.05                
-2191.0775087587567  -9831.07901873663    1        0.05                
-8506.080624972079   10321.652957702141   1        0.05                
4100.9545905258165   -6081.31557328337    1        0.05                
10584.034993371928   -3999.8746973579655  1        0.05                
4565.538740877582    -2778.562371328291   1        0.05                
-10743.63547391571   -10513.00389639104   1        0.05                
-7678.006853999606   2732.331402217489    1        0.05                
-7020.540178160852   -192.18576751548815  1        0.05                
8623.495763439472    2564.98815165002     1        0.05                
-2468.6886897313548  -9153.16298242267    1        0.05                
11134.23324910239    6367.339734583099    1        0.05                
11617.59071170377    -4880.809552894945   1        0.05                
-10385.416058507735  827.1443822703901    1        0.05                
6576.831855040583    8710.017640208796    1        0.05                
-931.8096976976474   6287.4794935391865   1        0.05                
-9903.296463102555   -7010.927929859439   1        0.05                
3700.7293777605496   -8194.165632042164   1        0.05                
11678.203444700252   922.9414307789414    1        0.05                
10437.5897549549     -4612.160915971067   1        0.05                
-9819.925621004966   -6819.791908459834   1        0.05                
11178.697570187975   5538.415278784886    1        0.05                
8153.8367258189655   1564.3800534045565   1        0.05                
7346.861014914521    11211.630538133852   1        0.05                
9767.769529364317    -220.94787186160912  1        0.05                
