trucks_count 3
drones_count 3
customers 50
depot 0 0
Coordinate X         Coordinate Y         Dronable Demand
7390.8637199508785   9131.47137458888     1        0.05                
-11242.70011882289   -2359.285973093554   1        0.05                
12854.392591531358   12190.545511378903   1        0.05                
-4556.608278138809   -7341.1482461690375  1        0.05                
-2075.3719405182674  3191.451943907473    1        0.05                
1741.3310963423621   -7816.343491798327   1        0.05                
7004.106957890817    -3673.295787968801   1        0.05                
9055.630419510087    13223.293888070244   1        0.05                
-11270.788321392229  -2878.646353904381   1        0.05                
3428.982115984582    9769.186105229552    1        0.05                
12180.9410985826     -3962.3713423951217  1        0.05                
10933.95367977143    11741.223141617469   1        0.05                
15013.871254384307   -12120.303064963562  1        0.05                
8673.956390560199    -1645.4548087838145  1        0.05                
-1561.741794780418   7568.827371495519    1        0.05                
14895.980115908127   -603.0752870435111   1        0.05                
14883.697276024854   -12214.879482742714  1        0.05                
13841.47092097213    -7464.732572751689   1        0.05                
10329.0923210063     -7684.911539332616   1        0.05                
-9442.352008193891   9673.260341836494    1        0.05                
9758.76670535597     2958.6502925350114   1        0.05                
4883.439231800653    4385.286379413486    1        0.05                
15713.24542467361    -9137.780498907454   1        0.05                
-15623.477315321434  6102.426258567218    1        0.05                
-4259.25058757417    13400.456886776665   1        0.05                
-13840.941340738727  421.88326778899545   1        0.05                
-11452.657753562176  -10784.434895905322  1        0.05                
11992.805225057558   12935.437914930004   1        0.05                
12635.555676318152   2981.292904192894    1        0.05                
13907.390682803347   12975.669770503635   1        0.05                
-15743.166056998574  3923.92350671848     1        0.05                
-4544.159284978765   2021.7590028601435   1        0.05                
-11702.960140776679  -8931.574033942818   1        0.05                
-7029.058745150595   15817.402285717177   1        0.05                
-1524.256322904599   15950.637965279595   1        0.05                
-13262.87985022278   2607.6582139864136   1        0.05                
-14065.652935802338  -14680.949490483612  1        0.05                
-6839.958151893619   -1436.5581996720584  1        0.05                
11489.164893028732   -5307.119541749634   1        0.05                
-14486.412127069994  -468.4901926787641   1        0.05                
1432.7097311108753   481.78578057325853   1        0.05                
7000.226664051977    -1541.1629369537707  1        0.05                
9164.309650331208    -3944.2821337427195  1        0.05                
11050.64147586313    -10035.775684088483  1        0.05                
2703.895369833392    -1634.336861224496   1        0.05                
1812.8100793722215   9071.054803057976    1        0.05                
-3536.4989797689914  -3380.433375551312   1        0.05                
-6336.968904263705   -10519.381254946195  1        0.05                
1852.0984761636364   -9622.403801268021   1        0.05                
-7459.141185287909   7295.339967743996    1        0.05                
