trucks_count 3
drones_count 3
customers 50
depot 0 0
Coordinate X         Coordinate Y         Dronable Demand
7385.0970187796665   -12141.14550660669   1        0.05                
12589.090517655042   8770.8311106596      1        0.05                
-14954.20486892184   11922.298271617961   1        0.05                
4935.625488223043    -8419.696374891211   1        0.05                
1491.0561710036227   5225.691155887304    1        0.05                
14888.042517212876   12654.13505598302    1        0.05                
2284.7114454413622   15840.425541605897   1        0.05                
5396.6620831088485   -11119.508601437103  1        0.05                
7761.485683829175    -1731.3201473109646  1        0.05                
-2858.0207858653303  3139.1133495751337   1        0.05                
9635.600981311327    -12497.672947557796  1        0.05                
2874.947964705962    -1089.3075370429422  1        0.05                
-3460.718383914935   -12503.320405999852  1        0.05                
1481.9438483837355   -6217.517807079454   1        0.05                
-11580.692119449785  2168.659522506167    1        0.05                
12753.321132099047   4791.296505449112    1        0.05                
-46.73185498098725   1339.6787241519137   1        0.05                
-12173.649159020824  13129.71720430057    1        0.05                
-10058.939588868707  8331.810120516859    1        0.05                
10803.238872390122   14106.854259286732   1        0.05                
-9578.919176974861   -11016.253925585874  1        0.05                
-4567.168108732551   13180.895870575292   1        0.05                
5758.065021839287    2382.9178511816804   1        0.05                
-0.7013453567106483  -2138.6278270943753  1        0.05                
-11894.187142902669  -12694.32591970195   1        0.05                
6344.989881044761    -12300.612700760023  1        0.05                
10573.957304532765   14810.093739933998   1        0.05                
12582.97558375812    15136.342508689808   1        0.05                
-5008.578706526053   10825.125134439899   1        0.05                
9629.460825340699    -5411.212887537241   1        0.05                
732.7110630203358    -11605.161382291928  1        0.05                
-904.6319790906985   -7630.66115231242    1        0.05                
-3022.1056934742915  2635.671342840519    1        0.05                
-7184.502940567883   1871.105876465694    1        0.05                
12218.613881912785   15115.2606640444     1        0.05                
6713.95304922515     10203.346544368907   1        0.05                
-14284.020168302968  -8844.660564831725   1        0.05                
5377.6469616216145   -8211.997327112933   1        0.05                
5508.498883606202    14432.291989094487   1        0.05                
-12936.043658898498  -12537.753882799629  1        0.05                
-15911.924697309485  -14011.95284006454   1        0.05                
-11513.041210029563  -14936.332590719841  1        0.05                
-12575.55749437959   -4409.700301871666   1        0.05                
-10105.872445831788  1444.2488556065828   1        0.05                
-5131.725104260656   15230.942435634419   1        0.05                
-1326.7127101350268  1422.7535474208926   1        0.05                
-161.28393203511706  -13391.701127334445  1        0.05                
-13772.866034143448  5341.473372231772    1        0.05                
-14784.61396832537   -1546.9607374252266  1        0.05                
4635.3143435031325   4643.557172648458    1        0.05                
