trucks_count 3
drones_count 3
customers 50
depot 0 0
Coordinate X         Coordinate Y         Dronable Demand
7376.446967022844    4230.129171599948    1        0.05                
-16036.823767438407  9372.606736289325    1        0.05                
-8386.9003401706     11519.9271721662     1        0.05                
-13012.82362242383   6055.881911646229    1        0.05                
-9252.702381144587   -7816.350745573993   1        0.05                
-13672.090111671012  11173.0531174654     1        0.05                
-4794.382542663861   12924.207296157607   1        0.05                
16001.609098886287   646.4874244915253    1        0.05                
4123.095972230239    -10.330117989792493  1        0.05                
-12288.524659019511  -6805.995783906484   1        0.05                
-10275.808235354198  -9207.225115491465   1        0.05                
6879.839152297408    11851.695006104357   1        0.05                
-15079.203560794836  3015.5528630146655   1        0.05                
6787.324555498339    3017.78649642536     1        0.05                
5577.681194494425    -5931.591531546814   1        0.05                
-6554.066624183528   -3210.546525242999   1        0.05                
9744.42444851025     5578.115794683504    1        0.05                
13177.27096080009    -4258.808849552083   1        0.05                
7639.211826887739    -15923.307629519271  1        0.05                
-7108.574806733867   -11429.554384917203  1        0.05                
-6398.648000471104   208.1892676121013    1        0.05                
-2649.6791195323553  10280.910826749034   1        0.05                
-9174.704862981162   -12522.833904253572  1        0.05                
7340.062609590379    -14500.209435207456  1        0.05                
-7253.191736085067   -3556.298930368139   1        0.05                
4437.085514668264    802.4431066060997    1        0.05                
11427.079172244132   4921.68645388263     1        0.05                
-2625.168878191036   -13749.101320101534  1        0.05                
712.0197192076457    6497.473719620761    1        0.05                
-12880.833001611874  15288.663365211793   1        0.05                
9353.126023617664    13381.41080457175    1        0.05                
4554.6589797414035   -6015.890665640226   1        0.05                
-6094.223782710362   3893.139887636215    1        0.05                
8675.730766306187    -2954.938977221882   1        0.05                
-15447.28129048184   13862.195431622655   1        0.05                
-11600.996882171921  5503.478800132296    1        0.05                
-14611.570537433223  -90.2269365435502    1        0.05                
7610.65487170481     -2281.7557784639016  1        0.05                
-3462.4994110965476  11854.609764981362   1        0.05                
5482.908323927703    1545.1510616397688   1        0.05                
6351.322700818589    -3565.7610108315844  1        0.05                
8997.256499227424    13251.113168441403   1        0.05                
3094.842268174902    10985.572445934915   1        0.05                
6439.557630867223    -13522.515054281863  1        0.05                
-791.7558154017267   -7751.3386190772     1        0.05                
-6035.996894395895   6043.702863017004    1        0.05                
4901.539119186385    3778.197964421889    1        0.05                
7260.089230278328    -3054.0444471909327  1        0.05                
-7552.882395248534   -5527.195901850691   1        0.05                
-9409.802603120654   665.88393924654      1        0.05                
