trucks_count 3
drones_count 3
customers 50
depot 0 0
Coordinate X         Coordinate Y         Dronable Demand
14787.494141072973   7348.759630373332    1        0.05                
18056.40960549699    16338.110970059739   1        0.05                
21330.58312313662    24649.337782898045   1        0.05                
-18605.450802260162  18583.0506771427     1        0.05                
24469.629446303657   -27838.1338853028    1        0.05                
22522.75125143491    28270.433989001296   1        0.05                
18727.610867093183   -26860.31242589161   1        0.05                
-10416.570824578583  18602.58978602713    1        0.05                
22799.750790856222   -6904.619394022878   1        0.05                
13144.967133819086   26168.444966113508   1        0.05                
-5279.578644804907   -31576.24155924826   1        0.05                
-2259.8874050123595  -28060.622078863264  1        0.05                
16315.532626688548   8329.211690729868    1        0.05                
-7646.874676703132   -30905.645180409912  1        0.05                
6895.468173970621    20537.82211235969    1        0.05                
-252.1812639953551   25586.27811304105    1        0.05                
-19675.776316944448  -5797.517652000749   1        0.05                
-10675.53855768347   -3337.1154021763336  1        0.05                
8859.417990749693    800.2567003473847    1        0.05                
-6943.49489697179    14912.92772546413    1        0.05                
-25518.379747715837  19892.205762432302   1        0.05                
-12969.314195865492  32161.762788044478   1        0.05                
-22991.93018668053   -29796.26078676614   1        0.05                
-14682.930600607595  20445.90756203741    1        0.05                
31303.235859800854   20708.89514116986    1        0.05                
16505.786576359747   13566.262983747698   1        0.05                
19441.669914401402   -14976.598907270662  1        0.05                
-8791.359908585442   23669.971715720898   1        0.05                
-21458.354264519494  30305.5521392767     1        0.05                
-94.08877693066852   12151.420760186063   1        0.05                
-15775.407795153975  -8809.869056794012   1        0.05                
-12727.846835086983  -18490.862318727843  1        0.05                
100.02575076494782   2756.4065553310315   1        0.05                
18284.12670511609    13394.302419547925   1        0.05                
15395.417149373421   -31636.948207067704  1        0.05                
-14315.792120272787  29806.427617969643   1        0.05                
-27912.939598345434  29175.411613760192   1        0.05                
6289.278103076831    -28284.47679228254   1        0.05                
28958.995315859287   -30353.651573584775  1        0.05                
1663.6077573092077   11132.282345521951   1        0.05                
-11976.745150116509  15457.310661405018   1        0.05                
326.9221614268978    -21873.956699762173  1        0.05                
7881.686445373218    24763.6539006435     1        0.05                
11070.995914179783   -31551.57542825133   1        0.05                
-18943.38782699777   12052.846021450705   1        0.05                
6765.143907493079    -6396.389617867663   1        0.05                
-10448.21300727186   3250.400521059819    1        0.05                
-5238.041637889056   27473.982383308954   1        0.05                
20340.908917195593   4866.549813241855    1        0.05                
-27012.73837898755   17242.46273058354    1        0.05                
