trucks_count 10
drones_count 10
customers 500
depot 0 0
Coordinate X         Coordinate Y         Dronable Demand
-4.488078            0.098706             1        1.149852            
1.364701             6.994475             1        1.901597            
-0.773654            5.94005              1        1.798115            
3.271415             -0.398165            1        46.431666           
-9.488816            1.139763             1        1.739728            
7.858026             -0.057135            1        50.77335            
7.912216             -9.927151            1        27.788104           
2.930268             -6.889043            1        9.780739            
1.119757             -2.841079            1        0.506657            
-7.130737            1.528879             1        0.799694            
7.625725             1.088977             1        2.188517            
-0.099248            -9.652599            1        0.225427            
-2.460822            -5.148115            1        0.559256            
-0.938525            -2.551619            1        1.392443            
-0.599736            8.783481             1        15.258631           
3.696096             -5.210966            1        44.250361           
-1.206345            4.906647             1        41.909172           
8.531904             -6.171459            1        20.174232           
-7.683926            5.396435             1        1.17201             
5.529774             7.279303             1        1.827201            
-7.304727            8.679816             1        42.481944           
7.744321             1.836727             1        0.839515            
3.276701             1.912023             1        1.438414            
-3.570778            -0.667751            1        1.457409            
-1.217078            2.136869             1        1.535007            
-1.939578            -4.413198            1        1.684007            
8.493947             4.640625             1        1.388177            
-9.301514            -6.34145             1        33.17651            
-4.94849             -4.49636             1        2.876309            
5.468371             -2.426351            1        0.675089            
4.130097             2.359996             1        1.211764            
-6.503897            0.515159             1        1.964262            
2.465318             -9.530687            1        1.27424             
-6.049208            2.966705             1        38.946294           
6.096492             2.7874               1        2.261331            
8.658253             5.408799             1        0.551344            
4.563084             8.215745             1        2.088077            
-0.924262            -4.880929            1        0.538301            
7.75565              7.700525             1        0.370539            
-3.855166            1.588146             1        0.583691            
-7.786879            4.829516             1        0.874921            
-5.053621            9.319008             1        2.237669            
1.406764             2.476229             1        50.505692           
6.057572             9.937962             1        0.894573            
2.643758             6.421462             1        56.280652           
4.019455             -7.171253            1        0.419586            
2.901445             5.324341             1        2.102801            
9.571555             -6.079246            1        1.607449            
1.803213             8.661838             1        1.204531            
-1.278327            -0.620647            1        1.147503            
-4.315444            8.922738             1        0.415303            
-2.651937            -3.15861             1        21.227316           
-2.523089            -9.990939            1        30.39006            
-6.93831             3.012868             1        0.964054            
2.806801             4.475484             1        0.313063            
-1.929134            -1.016765            1        1.532057            
-5.830861            -6.339345            1        1.289972            
9.153156             -5.285929            1        1.723629            
6.334434             -2.74375             1        0.838767            
-9.772124            2.072688             1        3.942277            
7.044011             -6.328802            1        1.720643            
6.991579             -6.231058            1        1.556416            
5.267396             5.820313             1        1.741181            
-8.717724            -2.165155            1        0.299201            
-0.879813            -4.445805            1        1.432751            
-1.958092            -0.583               1        2.037438            
-3.032326            -5.066403            1        2.195582            
-7.017652            -4.409758            1        0.978325            
-2.029739            -2.790816            1        0.309865            
-8.170558            -5.587972            1        0.536932            
6.357337             0.15827              1        1.112793            
3.442135             1.862379             1        45.902464           
3.128131             9.898538             1        1.520113            
-6.922764            7.064995             1        0.783854            
6.175736             2.930344             1        1.036862            
-3.699216            4.808008             1        1.013379            
-5.554476            6.800253             1        2.007132            
0.916678             0.800592             1        0.341572            
-4.920546            1.558736             1        1.245352            
-0.542818            8.76407              1        1.238422            
-0.10522             4.999111             1        1.766162            
-1.605768            -1.009846            1        1.932426            
6.266933             -2.628903            1        0.203263            
-3.525595            -1.005083            1        1.734744            
-8.970073            -0.800411            1        1.26937             
-1.415859            7.76612              1        58.269871           
5.801264             8.433255             1        1.535066            
-4.843516            6.447544             1        2.02136             
-3.35543             -8.239574            1        1.666953            
6.323388             1.826874             1        3.695641            
8.207646             -6.792456            1        0.752163            
4.365832             -1.581906            1        15.750964           
-8.383146            -6.45704             1        0.47913             
-2.40021             -5.335268            1        0.495925            
-5.453852            -5.337805            1        0.230029            
4.767319             6.237224             1        0.975997            
7.150737             7.967153             1        2.209931            
5.10764              8.471693             1        14.366491           
5.083522             8.519491             1        1.640543            
-5.830373            -7.553887            1        1.985895            
1.851154             1.331473             1        12.133252           
4.806314             3.424355             1        1.458865            
-1.092402            5.871757             1        1.887181            
6.76523              -2.492409            1        1.043987            
-0.176952            9.022758             1        1.838709            
-8.81122             6.139613             1        0.97357             
-3.090691            -1.82773             1        1.456907            
-8.035664            6.056722             1        0.771134            
4.265804             8.100007             1        4.388527            
4.17578              -8.653212            1        0.609257            
-0.927374            -1.595302            1        0.344758            
-2.149287            -7.324595            1        24.692133           
-2.621129            -3.563993            1        2.219943            
-9.837493            -7.456914            1        58.55273            
-4.534121            -2.644023            1        53.132118           
-8.500937            1.471123             1        26.849941           
4.304645             -9.495408            1        1.823552            
-7.386949            -4.616127            1        0.601421            
6.850437             8.650914             1        2.197711            
-1.154605            2.52762              1        0.244811            
4.016447             -2.664964            1        1.627209            
6.671741             -5.350177            1        0.718812            
0.535525             1.545825             1        33.226178           
3.930262             2.245608             1        1.093898            
-1.888027            -1.603458            1        0.826308            
4.566316             9.4839               1        2.016803            
-4.339604            7.464066             1        58.59548            
-3.281589            -2.215116            1        1.685924            
-4.44231             -8.645185            1        19.041662           
-5.995307            8.586929             1        1.837931            
-8.071059            -2.46944             1        0.573089            
-6.686201            -2.69701             1        42.75667            
-1.308938            7.963681             1        1.673564            
-2.44208             -8.260732            1        52.687727           
3.871979             5.478191             1        1.330709            
5.361044             0.044559             1        1.846354            
2.538256             -3.052104            1        0.785871            
4.798265             -0.231696            1        1.194402            
-3.813024            -5.984871            1        1.50603             
-1.276752            -4.505081            1        0.547356            
7.05437              8.074857             1        11.612872           
-3.761985            -7.387749            1        0.899489            
-5.078149            -0.026062            1        1.308605            
5.766645             -4.257724            1        0.828404            
-7.332607            -2.608504            1        0.53772             
7.719867             3.20219              1        2.012847            
3.874272             -5.506252            1        19.348657           
5.328818             4.388934             1        1.614319            
-2.010723            8.55373              1        0.874805            
-0.255852            9.359218             1        1.624415            
-4.050507            5.292245             1        1.33642             
-4.144876            9.599272             1        0.792214            
1.578256             9.007598             1        50.537674           
0.397976             8.151112             1        1.46718             
9.569557             -6.551458            1        0.946228            
-9.740624            6.019262             1        0.72263             
1.533989             5.599007             1        1.152377            
1.37243              -0.77545             1        0.447629            
-3.612105            -8.942272            1        2.160529            
5.002905             -9.656466            1        0.436765            
9.593264             7.258846             1        1.024791            
0.694641             7.894077             1        20.761285           
4.361849             8.654602             1        0.883797            
-1.597967            -7.551269            1        0.694741            
-5.335065            -1.981266            1        1.556217            
-9.10863             9.912215             1        1.099188            
6.409964             -4.011799            1        48.804816           
9.599979             6.108426             1        20.422637           
5.447822             -8.852126            1        1.306528            
-3.27001             -8.22645             1        1.735929            
-1.370359            2.141238             1        1.957137            
6.722859             5.346648             1        2.259561            
1.518255             7.35749              1        0.869039            
-6.059538            -7.395169            1        4.126747            
-4.08763             6.335163             1        1.050353            
-2.895471            -2.281312            1        1.423391            
9.017305             4.567849             1        2.198337            
-1.408386            -2.225782            1        9.026587            
4.429211             0.611785             1        1.507747            
-7.668472            -4.618401            1        11.237841           
0.322472             7.534281             1        26.489454           
3.499082             3.092254             1        1.624529            
4.815712             -2.766612            1        1.515213            
4.755313             6.504508             1        1.938172            
-3.678155            -2.156412            1        0.428815            
-0.295262            0.158282             1        0.327775            
-1.670101            -6.942016            1        0.746755            
-1.331771            -6.917025            1        0.232517            
-2.594815            -4.26056             1        3.098509            
5.426629             -3.986028            1        1.479428            
3.87701              -9.221303            1        0.70006             
2.550739             1.514357             1        5.10857             
-0.098886            1.872769             1        1.90143             
-2.22058             -9.632916            1        1.235899            
-1.641695            -4.981486            1        0.582108            
2.113638             -1.039141            1        2.130185            
-9.985472            -4.300905            1        1.933911            
4.008931             1.26213              1        1.239764            
-4.010654            -5.215369            1        27.215749           
-6.492808            -9.640274            1        56.904362           
-8.026588            -5.84828             1        0.404688            
7.412556             -2.079038            1        0.818379            
-9.663983            -0.79619             1        0.817492            
6.262741             8.220475             1        1.048532            
-7.801431            -0.71967             1        53.847888           
9.579772             -1.994571            1        1.702808            
6.145982             4.674349             1        26.435689           
-2.044577            -1.346231            1        1.909248            
-1.774316            -2.44329             1        9.615757            
6.39098              4.585117             1        2.122893            
6.457722             4.390816             1        1.965233            
-5.915305            -4.725058            1        1.177327            
6.496016             -7.043701            1        2.00075             
-0.633983            -7.235025            1        2.059249            
-2.700649            6.070138             1        42.551508           
2.257124             6.469319             1        0.764792            
-8.512575            3.29008              1        1.791482            
7.930274             -1.114347            1        0.251628            
8.551575             4.496206             1        1.644324            
6.038205             8.164789             1        39.723313           
7.065759             -7.405148            1        0.675672            
-7.240373            2.107847             1        1.752079            
-6.826691            6.620651             1        0.586368            
7.468606             8.29826              1        0.451265            
-1.740143            -7.140609            1        1.717169            
-2.200922            3.676261             1        0.963486            
-7.642385            7.82587              1        0.552618            
-3.411398            2.517525             1        1.943823            
4.647131             -5.703498            1        34.872091           
-5.87514             7.927739             1        0.280342            
7.531276             9.094919             1        0.45147             
5.966645             5.394713             1        1.417713            
-9.163291            7.591204             1        1.855154            
7.661835             1.589916             1        1.763244            
-8.799576            -9.382966            1        0.421455            
5.138586             -0.952275            1        0.852009            
-8.61312             -4.574189            1        18.423505           
0.734995             -8.275172            1        52.050033           
-2.044039            3.121286             1        1.576684            
1.323394             0.047524             1        20.531469           
1.769938             -0.3747              1        1.180836            
-5.654517            -5.657441            1        0.547105            
-6.087179            5.639451             1        1.052392            
-5.600147            1.045001             1        0.540086            
-2.099346            3.033305             1        38.886853           
9.729875             4.770153             1        1.060277            
-2.854036            -8.277645            1        38.073148           
-6.970323            7.137681             1        0.950605            
-7.469667            -2.059677            1        1.963897            
9.831073             -4.384025            1        2.185978            
0.14437              0.116056             1        0.214892            
-3.897399            -0.443822            1        1.556108            
-7.237108            1.392921             1        1.765704            
-2.088917            7.109088             1        0.967919            
3.546476             -6.223164            1        1.877944            
-8.616158            9.681208             1        0.370677            
-7.360902            1.280952             1        1.568171            
1.477215             7.153002             1        0.316827            
-8.919027            -8.714726            1        9.17486             
-2.687364            -8.179367            1        11.450662           
5.899799             -7.428684            1        1.944679            
-6.197837            3.847228             1        1.703274            
2.268057             -6.974095            1        35.591483           
-0.32978             7.157428             1        0.668171            
6.791115             -7.374281            1        1.839426            
-4.56395             -0.253393            1        56.420401           
7.731512             4.638237             1        2.123738            
-0.445848            -6.39423             1        1.841438            
-9.934135            4.159627             1        30.985516           
9.82581              -5.53639             1        0.999313            
-6.215529            -0.723977            1        1.933732            
-1.428772            0.899522             1        1.157344            
4.79989              6.782517             1        1.823175            
9.387732             -9.400755            1        2.195559            
8.269532             -0.978903            1        52.960074           
1.120235             -1.566205            1        1.814787            
6.513972             -7.865348            1        1.961117            
2.601075             -1.238577            1        0.825249            
-2.499287            2.180497             1        1.741551            
5.005227             2.059618             1        1.935257            
-1.432625            6.474704             1        0.700869            
-5.987821            7.583299             1        0.734739            
-8.807474            -4.048559            1        28.032954           
1.061282             -7.412124            1        0.630688            
4.313158             -6.285652            1        1.619393            
-8.342482            -8.625426            1        0.5734              
5.662021             -3.253183            1        8.832323            
-2.091594            -2.925543            1        2.082045            
-0.722974            7.344527             1        0.273964            
-8.615696            2.409369             1        0.639973            
5.571376             3.395718             1        1.285286            
1.749764             0.100298             1        1.261506            
8.247642             9.347507             1        0.481613            
9.373743             7.722257             1        1.197449            
8.655043             5.545329             1        52.074761           
-5.736922            -3.674992            1        1.727774            
7.601079             -3.261715            1        7.34519             
-2.794091            -7.671939            1        1.166754            
-4.742074            -0.157923            1        0.361397            
-6.801384            -0.395683            1        1.170656            
-5.096497            9.084315             1        2.088737            
-1.280574            -0.037055            1        1.841896            
5.991303             6.000469             1        1.777273            
2.296138             -4.328887            1        2.185469            
-2.587691            6.405207             1        0.324065            
0.417337             9.746862             1        0.526397            
3.797082             0.718657             1        2.055504            
7.995745             -5.564954            1        1.37044             
-1.964829            -3.297841            1        50.823983           
1.076687             9.818105             1        1.191066            
2.623412             9.023364             1        1.573922            
-7.619912            -8.871987            1        1.206968            
8.166547             6.498495             1        0.861605            
-4.610227            -6.661455            1        1.975043            
4.648123             9.168493             1        1.687448            
-2.08846             1.064327             1        1.872058            
-0.810573            8.598646             1        43.075552           
-5.382972            3.921859             1        0.234104            
-6.96602             2.99975              1        1.712319            
6.330264             3.73127              1        31.03095            
-5.214714            -8.179945            1        0.991406            
3.469537             -6.636109            1        2.189414            
-6.102548            -5.994251            1        0.258153            
-6.782527            -0.897057            1        1.72846             
-7.515334            1.823833             1        1.355357            
-5.488172            5.505329             1        0.813839            
1.331198             7.350146             1        1.760781            
6.282955             9.188401             1        1.59951             
9.252838             6.379705             1        7.910979            
4.106772             2.278516             1        1.923527            
9.914258             4.144683             1        0.748261            
-1.762094            -7.479684            1        1.261352            
-6.844091            -4.85455             1        0.720012            
9.588024             -6.103909            1        2.083792            
-4.56273             1.153523             1        0.90312             
6.422055             3.572149             1        0.723556            
-9.745215            8.972503             1        0.817388            
-3.577716            -5.237747            1        1.597042            
6.842684             -5.853233            1        0.936655            
-5.178611            -9.42541             1        0.450789            
-9.015267            -3.308804            1        1.887352            
4.653372             -7.176207            1        1.571153            
4.91372              -2.780736            1        1.856815            
-3.563995            -3.789621            1        2.005488            
8.083726             0.475117             1        1.311562            
-9.79978             0.294552             1        2.246431            
2.099615             9.695263             1        0.50705             
5.221834             0.836958             1        1.78692             
0.871775             5.716847             1        1.770944            
-4.73006             -2.211503            1        0.621942            
0.215218             9.150797             1        0.287521            
8.247104             -7.914117            1        43.612945           
4.213097             3.794775             1        1.453578            
3.572657             -3.580208            1        1.163617            
-1.991592            3.242082             1        50.337237           
0.437685             2.678421             1        0.305531            
7.689328             -6.225518            1        0.730374            
2.967271             -3.93133             1        0.350024            
-3.997344            -9.71078             1        1.632526            
-7.715127            8.640836             1        1.872954            
4.679787             3.424537             1        1.125847            
-9.264584            -0.50752             1        1.147046            
-3.507004            -8.803633            1        0.223835            
8.558157             -9.103461            1        0.895393            
0.138695             8.151992             1        1.69388             
9.392547             5.662421             1        0.669089            
-0.148722            -8.717583            1        2.028739            
4.675467             -3.212376            1        2.267911            
-5.023685            -7.07097             1        1.714549            
4.017598             -2.201039            1        1.013568            
1.160653             3.867145             1        1.689882            
-1.896947            -8.79743             1        2.002962            
-9.142888            -7.920712            1        1.655561            
-0.107222            -2.655611            1        0.628601            
0.11937              -3.458265            1        0.351448            
9.002948             9.521845             1        2.152234            
3.663158             0.250584             1        0.61623             
-5.05238             -8.109554            1        1.541366            
7.831001             6.675313             1        0.665662            
9.409854             -7.956187            1        0.436518            
4.882528             6.108729             1        1.449192            
-1.049997            -5.441588            1        0.919969            
2.996503             -2.988961            1        0.39904             
-0.61579             5.144957             1        4.219611            
-8.847107            -5.911642            1        0.458921            
-8.599982            -7.059298            1        0.670793            
-5.348477            3.852128             1        0.271322            
4.705147             -9.071358            1        1.464303            
5.475669             -6.446054            1        2.079602            
6.147754             -8.415007            1        1.36815             
6.194209             7.309869             1        1.613577            
-2.453742            2.644874             1        1.67962             
5.442148             -1.983313            1        51.600181           
3.812796             2.610004             1        1.127679            
4.821135             -4.767426            1        49.479883           
-5.230506            9.712538             1        1.70819             
-0.114126            5.958313             1        36.266831           
1.561455             -9.852308            1        2.191782            
-5.134803            -5.072087            1        1.906221            
-8.581734            5.579524             1        0.228675            
9.591724             7.510117             1        16.597036           
-4.0316              1.760304             1        0.827021            
-3.340117            -4.174512            1        1.531476            
3.363704             -6.801353            1        1.008311            
3.419824             -2.633265            1        0.332638            
-4.267014            -2.31429             1        16.680428           
0.864173             -7.059346            1        1.095484            
-6.261313            0.737462             1        1.717733            
2.794036             -5.957489            1        33.56383            
2.463256             -8.847883            1        1.985249            
0.691598             -2.275058            1        0.421369            
-8.983455            8.503541             1        0.790326            
9.813908             -3.093355            1        55.002411           
-1.379986            3.670148             1        8.069059            
-9.24098             4.25018              1        1.534449            
1.210804             -1.705166            1        1.331883            
9.802051             -0.70521             1        0.62896             
4.327451             4.00906              1        1.073917            
-7.426541            -1.353252            1        1.009307            
5.870314             -7.744386            1        18.705709           
4.472483             6.715749             1        0.329299            
-5.799792            -8.787465            1        1.851839            
-6.279008            4.373217             1        7.250102            
3.547579             -0.092207            1        0.428905            
8.38389              -9.56258             1        0.468695            
5.354585             -6.037615            1        2.126704            
-5.460303            -0.129094            1        0.919266            
1.083559             9.962653             1        17.211117           
-4.309699            7.624189             1        1.070804            
4.240134             -7.059352            1        2.230575            
-8.387833            -5.188775            1        1.176791            
5.16776              2.023172             1        1.349547            
9.349643             -9.753355            1        1.146571            
2.645425             2.873913             1        44.180157           
8.449289             -3.167022            1        1.57655             
-4.565132            -5.205606            1        1.927633            
6.059118             5.142401             1        10.761986           
7.115857             -6.164495            1        2.165572            
7.473711             -2.545762            1        1.725367            
-6.773322            -6.277791            1        2.015485            
-9.638519            -3.607069            1        1.420743            
-9.262332            -9.760157            1        0.381641            
9.678748             8.201919             1        1.845424            
-9.777646            9.46413              1        0.31943             
-8.578469            -7.249058            1        0.615724            
4.144212             4.922662             1        0.503674            
1.723037             -5.657864            1        1.218261            
-0.048546            3.511741             1        0.332473            
7.872557             -6.716748            1        17.747312           
-2.835911            4.580126             1        1.125331            
2.879084             7.831494             1        1.452846            
-8.287156            -5.759875            1        2.859625            
-3.039748            4.342522             1        43.490568           
3.445692             -9.820149            1        1.080891            
5.457879             6.485971             1        2.041656            
3.957671             4.032935             1        0.242788            
2.747945             6.760692             1        42.774434           
2.742211             2.183064             1        52.51505            
-4.346119            -5.27483             1        1.646104            
6.170411             0.236361             1        1.514324            
3.035908             0.784087             1        0.860454            
-3.819668            1.376204             1        1.150299            
-5.364103            3.886542             1        0.886978            
4.391083             0.966005             1        0.307392            
-4.981898            -3.172234            1        0.632628            
6.406731             -9.943466            1        0.524617            
-6.804713            7.362679             1        1.041984            
-7.286684            -8.202977            1        0.805994            
8.901745             4.382731             1        0.523132            
6.922684             6.857389             1        29.339889           
-9.590408            3.274214             1        1.668562            
2.813679             -1.273543            1        1.839236            
0.672806             -0.253731            1        10.867354           
-4.298486            2.066699             1        1.723163            
-7.966813            8.331955             1        1.070977            
3.957603             -4.118909            1        1.234913            
-9.795266            -7.475784            1        1.603345            
-4.231271            8.048191             1        0.74032             
3.715293             -0.831551            1        1.479452            
0.8004               6.56736              1        44.881443           
9.382128             0.171894             1        17.325362           
-0.736062            -3.287818            1        0.778446            
8.181447             6.984201             1        1.417038            
7.721306             -8.246852            1        0.722195            
-7.01947             -8.041787            1        20.24937            
-0.200887            0.29853              1        2.062656            
6.484626             9.032645             1        0.841278            
6.486549             7.859515             1        0.229345            
-9.902311            -5.143735            1        12.046217           
0.69973              4.995334             1        2.19255             
3.501808             8.201492             1        1.634491            
9.610245             7.488889             1        0.75596             
9.647244             9.081482             1        0.662639            
-9.792068            -9.917838            1        2.183178            
7.746472             8.699955             1        1.864532            
6.793026             0.467635             1        1.907941            
6.624239             1.196814             1        49.287011           
-3.201293            -8.885477            1        0.739112            
-6.141926            4.211835             1        1.052683            
-1.558601            4.952647             1        0.497691            
