trucks_count 1
drones_count 1
customers 6
depot 0 0
Coordinate X         Coordinate Y         Dronable Demand
1856.3659817445407   2004.9930455354054   1        0.05                
1675.139135482554    -1191.5973587134627  1        0.05                
-3353.705901247704   3450.007117580964    1        0.05                
715.8971610173464    -217.46522817452635  1        0.05                
2178.2155670186417   -2253.495112561835   1        0.05                
-3191.3342373150003  -473.0040543371306   1        0.05                
