trucks_count 1
drones_count 1
customers 6
depot 0 0
Coordinate X         Coordinate Y         Dronable Demand
3705.5235870250635   1559.3149895763443   1        0.05                
953.2162068470022    3482.7516372645136   1        0.05                
-1234.6585081567373  6564.705305365925    1        0.05                
-2796.3135899181657  6263.58486236893     1        0.05                
767.7656739137758    6082.50819032525     1        0.05                
2004.020681552962    -7544.709564232051   1        0.05                
