trucks_count 1
drones_count 1
customers 6
depot 0 0
Coordinate X         Coordinate Y         Dronable Demand
3709.848373093126    -6626.322109716625   1        0.05                
-827.2266506062733   3181.863824449649    1        0.05                
-4518.310532722009   6765.890855091806    1        0.05                
6177.911205215619    -974.2045207101374   1        0.05                
6139.644949987881    -3489.870858944101   1        0.05                
190.6872358052517    -6804.168594973237   1        0.05                
