trucks_count 1
drones_count 1
customers 6
depot 0 0
Coordinate X         Coordinate Y         Dronable Demand
7399.5137717077      -7239.803783238454   1        0.05                
-14803.585833729438  -2961.062078343975   1        0.05                
6287.088542400816    12592.916610830664   1        0.05                
13391.840832508062   10370.07346729352    1        0.05                
8668.387091250637    -15953.305675010533  1        0.05                
-1885.3357951530559  -6335.261553280703   1        0.05                
