trucks_count 1
drones_count 1
customers 6
depot 0 0
Coordinate X         Coordinate Y         Dronable Demand
3706.965262317867    -1169.2307901247607  1        0.05                
-5004.731332367306   -7346.477633673776   1        0.05                
-2329.2092629486115  6631.766995400984    1        0.05                
-5169.3719116034545  -1513.4783452608747  1        0.05                
7922.859005748823    -2472.751492764533   1        0.05                
6764.042706430161    3431.0709187277853   1        0.05                
