trucks_count 1
drones_count 1
customers 6
depot 0 0
Coordinate X         Coordinate Y         Dronable Demand
3708.4069376106713   -3897.776569825868   1        0.05                
5130.721128418383    -2082.3069046120627  1        0.05                
-3423.760017740483   6698.828685436048    1        0.05                
-7542.4302332887455  6802.858447109321    1        0.05                
-1015.4479022264727  5065.388584335335    1        0.05                
-4569.335028882293   -1686.5488381227267  1        0.05                
