trucks_count 1
drones_count 1
customers 6
depot 0 0
Coordinate X         Coordinate Y         Dronable Demand
3704.0819117322612   4287.861009087799    1        0.05                
6911.163985871659    -1781.4190917971987  1        0.05                
-140.10799317521108  6497.643615330862    1        0.05                
-423.2547886121813   -2052.752169811612   1        0.05                
-6387.327418110925   -1455.632126584967   1        0.05                
-2756.001343324236   -2427.090047191886   1        0.05                
