trucks_count 1
drones_count 1
customers 6
depot 0 0
Coordinate X         Coordinate Y         Dronable Demand
929.985025035688     1615.1642981413193   1        0.05                
1436.8350238182172   1961.0646120652345   1        0.05                
978.3086058863059    1808.830851192069    1        0.05                
1414.9755584968877   -1783.361383814172   1        0.05                
1986.274148540197    249.227779904266     1        0.05                
331.0105323441713    1413.1733966734694   1        0.05                
