trucks_count 1
drones_count 1
customers 6
depot 0 0
Coordinate X         Coordinate Y         Dronable Demand
927.8225720490694    1684.6330276455665   1        0.05                
-1696.2935474551455  -1911.8413616221592  1        0.05                
-1403.2153218784708  1708.2381362817164   1        0.05                
951.2132208825824    1835.533127867601    1        0.05                
-699.6654894968548   1012.0673045389415   1        0.05                
1237.6773151706127   1042.9029120440623   1        0.05                
